Date      JDAY      TAIR      Flow      Flow2     Solar
01/01/2020         1      9.90     64.17   4117.27     84.00
01/02/2020         2      9.08     70.59   4983.50    108.00
01/03/2020         3      9.70     67.73   4587.88     98.00
01/04/2020         4      9.09     67.31   4530.52     71.00
01/05/2020         5      8.80     72.26   5222.17     86.00
01/06/2020         6      6.25     67.28   4526.71     78.00
01/07/2020         7      6.20     69.55   4836.67    107.00
01/08/2020         8      8.85     66.29   4394.33     74.00
01/09/2020         9      8.20     66.49   4420.65     64.00
01/10/2020        10      6.61     64.68   4182.94     87.00
01/11/2020        11      8.79     64.76   4193.94     67.00
01/12/2020        12      6.38     68.16   4645.60     79.00
01/13/2020        13      9.45     69.40   4817.00    100.00
01/14/2020        14      8.64     75.52   5703.43     89.00
01/15/2020        15      6.16     53.46   2858.21     83.00
01/16/2020        16      7.25     55.61   3092.95     15.00
01/17/2020        17      6.83     47.97   2301.00     94.00
01/18/2020        18      6.85     53.83   2897.70    108.00
01/19/2020        19      5.83     57.91   3353.33     38.00
01/20/2020        20      7.85     53.04   2812.97     64.00
01/21/2020        21     10.31     54.51   2971.33     35.00
01/22/2020        22     11.31     46.81   2190.97     48.00
01/23/2020        23     10.24     53.66   2879.44     66.00
01/24/2020        24     12.47     51.96   2699.99    115.00
01/25/2020        25     11.90     47.54   2260.43     88.00
01/26/2020        26     13.13     56.69   3213.79     77.00
01/27/2020        27     11.59     49.21   2422.08    116.00
01/28/2020        28     10.62     52.95   2803.97     61.00
01/29/2020        29     10.06     64.42   4150.04    124.00
01/30/2020        30     11.90     56.18   3156.26    132.00
01/31/2020        31     12.25     52.13   2717.67    139.00
02/01/2020        32     11.54     54.74   2996.08    143.00
02/02/2020        33      9.55     51.14   2615.32     83.00
02/03/2020        34      5.96     59.58   3549.62    161.00
02/04/2020        35      6.70     52.78   2786.00    151.00
02/05/2020        36      8.06     56.04   3140.37    142.00
02/06/2020        37      9.40     51.06   2606.64    157.00
02/07/2020        38     10.74     53.83   2897.70    159.00
02/08/2020        39     10.58     50.23   2523.46    158.00
02/09/2020        40     12.52     54.20   2937.47    169.00
02/10/2020        41     12.40     53.41   2852.16    171.00
02/11/2020        42     11.10     44.17   1951.37    170.00
02/12/2020        43     11.95     51.06   2606.64    168.00
02/13/2020        44     10.94     49.78   2478.15    169.00
02/14/2020        45      9.79     55.73   3105.56    163.00
02/15/2020        46     11.60     47.32   2238.94    144.00
02/16/2020        47     12.68     55.33   3061.53    166.00
02/17/2020        48     12.39     48.39   2341.93    181.00
02/18/2020        49     10.45     50.72   2572.06    185.00
02/19/2020        50     11.06     49.89   2489.44    180.00
02/20/2020        51     12.26     48.70   2372.17    176.00
02/21/2020        52     13.19     52.47   2753.22    190.00
02/22/2020        53     13.78     50.94   2595.09    184.00
02/23/2020        54     11.38     55.59   3089.80    186.00
02/24/2020        55     13.06     66.91   4477.31    199.00
02/25/2020        56     13.73     56.10   3146.72    198.00
02/26/2020        57     15.59     59.55   3546.24    197.00
02/27/2020        58     14.43     53.24   2834.04    100.00
02/28/2020        59     16.05     60.00   3600.41    157.00
02/29/2020        60     13.23     59.10   3492.49    193.00
03/01/2020        61     11.18     56.49   3191.36    135.00
03/02/2020        62     14.73     55.19   3045.88    214.00
03/03/2020        63     14.97     59.75   3569.89    213.00
03/04/2020        64     15.80     59.01   3482.45    215.00
03/05/2020        65     14.73     55.08   3033.40    208.00
03/06/2020        66     11.82     65.36   4271.31    174.00
03/07/2020        67     10.11     55.53   3083.51     65.00
03/08/2020        68     10.76     48.11   2314.60    126.00
03/09/2020        69     12.73     63.77   4066.55    214.00
03/10/2020        70     14.40     56.92   3239.53    218.00
03/11/2020        71     15.03     46.86   2196.27    222.00
03/12/2020        72     16.30     47.12   2220.22    230.00
03/13/2020        73     13.36     56.66   3210.58    227.00
03/14/2020        74      9.53     40.83   1667.33     43.00
03/15/2020        75      8.43     52.87   2794.98     54.00
03/16/2020        76      5.77     39.25   1540.34     44.00
03/17/2020        77      8.08     40.04   1603.20    185.00
03/18/2020        78      8.34     40.55   1644.28     90.00
03/19/2020        79      9.22     43.27   1872.13    227.00
03/20/2020        80     11.15     40.63   1651.18    239.00
03/21/2020        81     11.35     35.06   1228.94    233.00
03/22/2020        82     13.83     52.92   2800.97    217.00
03/23/2020        83     12.17     43.21   1867.23    185.00
03/24/2020        84     10.65     49.19   2419.30    133.00
03/25/2020        85      8.80     43.44   1886.86    213.00
03/26/2020        86      8.01     41.65   1735.06    218.00
03/27/2020        87      9.22     44.97   2022.04    258.00
03/28/2020        88     10.35     48.45   2347.41    107.00
03/29/2020        89     12.44     42.87   1837.98    185.00
03/30/2020        90     13.20     43.24   1869.68    187.00
03/31/2020        91     14.19     45.56   2075.88    197.00
04/01/2020        92     12.05     45.82   2099.17    246.00
04/02/2020        93     10.74     43.49   1891.79    285.00
04/03/2020        94     11.73     46.07   2122.58    270.00
04/04/2020        95      9.64     42.76   1828.28     71.00
04/05/2020        96      9.78     33.13   1097.64     46.00
04/06/2020        97      8.73     37.41   1399.25    162.00
04/07/2020        98     12.43     43.41   1884.40    247.00
04/08/2020        99     12.41     34.43   1185.65    129.00
04/09/2020       100     13.14     40.07   1605.47    126.00
04/10/2020       101     14.99     46.61   2172.45    224.00
04/11/2020       102     13.40     44.29   1961.39    203.00
04/12/2020       103     14.89     41.65   1735.06    195.00
04/13/2020       104     15.77     46.78   2188.32    289.00
04/14/2020       105     18.08     39.87   1589.63    304.00
04/15/2020       106     16.88     47.09   2217.55    265.00
04/16/2020       107     17.52     47.54   2260.43    294.00
04/17/2020       108     13.88     35.57   1264.94    225.00
04/18/2020       109     14.27     45.11   2034.80    263.00
04/19/2020       110     14.46     42.36   1794.54    282.00
04/20/2020       111     13.93     44.34   1966.41    184.00
04/21/2020       112     15.98     49.95   2495.09    301.00
04/22/2020       113     18.33     43.21   1867.23    289.00
04/23/2020       114     20.65     43.27   1872.13    305.00
04/24/2020       115     21.38     38.09   1450.56    301.00
04/25/2020       116     22.21     35.65   1270.99    277.00
04/26/2020       117     20.23     37.92   1437.64    313.00
04/27/2020       118     20.40     46.55   2167.17    301.00
04/28/2020       119     22.83     38.88   1511.58    310.00
04/29/2020       120     19.53     41.31   1706.87    243.00
04/30/2020       121     18.98     34.07   1160.44    292.00
05/01/2020       122     18.06     36.76   1350.95    320.00
05/02/2020       123     17.23     37.29   1390.79    259.00
05/03/2020       124     17.02     36.73   1348.87    288.00
05/04/2020       125     18.09     37.52   1407.74    321.00
05/05/2020       126     18.78     35.17   1236.90    320.00
05/06/2020       127     19.65     41.71   1739.78    335.00
05/07/2020       128     21.79     36.93   1363.47    330.00
05/08/2020       129     23.13     34.12   1164.30    304.00
05/09/2020       130     23.18     41.57   1727.99    332.00
05/10/2020       131     18.08     33.98   1154.66    327.00
05/11/2020       132     16.75     39.73   1578.36    266.00
05/12/2020       133     15.67     40.07   1605.47    180.00
05/13/2020       134     15.03     41.43   1716.24    203.00
05/14/2020       135     16.10     58.42   3412.62    193.00
05/15/2020       136     17.99     53.29   2840.07    311.00
05/16/2020       137     18.90     51.20   2621.12    299.00
05/17/2020       138     16.96     51.90   2694.11    111.00
05/18/2020       139     14.71     52.02   2705.88    204.00
05/19/2020       140     15.40     54.93   3017.82    233.00
05/20/2020       141     16.91     43.52   1894.25    321.00
05/21/2020       142     19.40     38.26   1463.53    333.00
05/22/2020       143     18.62     34.72   1205.23    346.00
05/23/2020       144     19.73     38.23   1461.36    351.00
05/24/2020       145     21.70     40.21   1616.84    332.00
05/25/2020       146     25.05     36.56   1336.42    337.00
05/26/2020       147     28.48     36.36   1321.96    336.00
05/27/2020       148     28.71     35.00   1224.97    339.00
05/28/2020       149     27.73     45.36   2057.86    352.00
05/29/2020       150     21.19     51.76   2679.43    281.00
05/30/2020       151     18.90     49.41   2441.63    230.00
05/31/2020       152     19.43     50.12   2512.10    255.00
06/01/2020       153     22.18     52.92   2800.97    301.00
06/02/2020       154     25.20     50.26   2526.31    341.00
06/03/2020       155     27.45     52.84   2791.98    342.00
06/04/2020       156     28.35     51.08   2609.53    351.00
06/05/2020       157     19.49     50.32   2532.01    333.00
06/06/2020       158     17.53     56.12   3149.90    342.00
06/07/2020       159     16.10     62.38   3891.52    358.00
06/08/2020       160     18.55     61.96   3838.70    363.00
06/09/2020       161     22.08     72.29   5226.26    354.00
06/10/2020       162     24.81     64.48   4157.34    327.00
06/11/2020       163     25.01     76.12   5793.60    326.00
06/12/2020       164     18.72     82.01   6724.92    242.00
06/13/2020       165     17.66     83.99   7053.95    283.00
06/14/2020       166     20.23     77.33   5980.44    343.00
06/15/2020       167     21.12     80.90   6545.01    245.00
06/16/2020       168     19.78     83.36   6949.69    354.00
06/17/2020       169     22.24     76.29   5819.49    360.00
06/18/2020       170     25.52     82.86   6864.97    355.00
06/19/2020       171     25.48     79.17   6268.51    348.00
06/20/2020       172     23.00     88.66   7860.60    337.00
06/21/2020       173     24.88     82.20   6757.47    344.00
06/22/2020       174     26.17     83.17   6916.68    345.00
06/23/2020       175     25.92     80.11   6417.35    339.00
06/24/2020       176     26.09     89.42   7996.76    342.00
06/25/2020       177     27.63     90.50   8190.37    342.00
06/26/2020       178     27.25     93.19   8684.51    340.00
06/27/2020       179     24.59     94.75   8977.22    344.00
06/28/2020       180     20.50    101.18  10236.60    344.00
06/29/2020       181     22.45    102.88  10583.29    354.00
06/30/2020       182     24.43    103.92  10799.95    348.00
07/01/2020       183     24.21    102.34  10472.88    344.00
07/02/2020       184     21.79    102.59  10525.11    346.00
07/03/2020       185     21.76    107.77  11615.22    350.00
07/04/2020       186     24.92    107.66  11590.82    353.00
07/05/2020       187     26.26    101.94  10391.90    352.00
07/06/2020       188     23.35    100.89  10179.38    354.00
07/07/2020       189     22.59    108.48  11768.31    354.00
07/08/2020       190     25.18    114.63  13139.26    345.00
07/09/2020       191     26.30    127.28  16201.27    345.00
07/10/2020       192     27.99    116.18  13498.73    470.00
07/11/2020       193     28.20    117.15  13723.37    351.00
07/12/2020       194     28.08    113.47  12874.44    352.00
07/13/2020       195     25.57    120.49  14517.40    343.00
07/14/2020       196     23.14    111.48  12428.55    337.00
07/15/2020       197     23.80    117.60  13829.73    327.00
07/16/2020       198     23.10    115.96  13446.14    326.00
07/17/2020       199     23.38    118.82  14117.60    332.00
07/18/2020       200     25.80    115.99  13452.71    328.00
07/19/2020       201     24.60    118.22  13976.64    332.00
07/20/2020       202     21.80    118.73  14097.42    323.00
07/21/2020       203     21.92    115.65  13374.00    291.00
07/22/2020       204     21.45    100.86  10173.67    334.00
07/23/2020       205     22.84    105.31  11090.27    322.00
07/24/2020       206     23.10     97.83   9571.63    325.00
07/25/2020       207     23.90    107.46  11548.17    322.00
07/26/2020       208     25.94     90.61   8210.88    318.00
07/27/2020       209     25.68     88.66   7860.60    319.00
07/28/2020       210     25.26     90.36   8164.76    324.00
07/29/2020       211     26.03     87.58   7670.96    338.00
07/30/2020       212     25.26     93.56   8753.26    330.00
07/31/2020       213     24.54     84.92   7211.78    337.00
08/01/2020       214     24.39     87.87   7720.64    333.00
08/02/2020       215     25.11     86.85   7542.54    326.00
08/03/2020       216     26.17     91.55   8381.10    320.00
08/04/2020       217     23.92     90.67   8221.15    324.00
08/05/2020       218     20.03     86.37   7459.15    316.00
08/06/2020       219     21.14     84.95   7216.59    313.00
08/07/2020       220     23.96     73.60   5416.30    309.00
08/08/2020       221     26.14     79.15   6264.02    303.00
08/09/2020       222     27.84     72.38   5238.55    305.00
08/10/2020       223     26.57     76.99   5928.00    298.00
08/11/2020       224     22.51     70.25   4935.64    283.00
08/12/2020       225     25.13     74.11   5491.58    309.00
08/13/2020       226     28.76     80.39   6462.80    292.00
08/14/2020       227     30.10     76.29   5819.49    278.00
08/15/2020       228     31.60     72.63   5275.51    267.00
08/16/2020       229     29.27     74.05   5483.19    256.00
08/17/2020       230     26.85     81.50   6641.58    243.00
08/18/2020       231     30.91     68.24   4657.19    250.00
08/19/2020       232     29.73     83.42   6959.14    224.00
08/20/2020       233     25.29     66.09   4368.09    250.00
08/21/2020       234     24.15     84.21   7092.05    235.00
08/22/2020       235     25.54     70.74   5003.51    209.00
08/23/2020       236     26.39     74.78   5592.77    231.00
08/24/2020       237     26.76     77.81   6055.13    190.00
08/25/2020       238     25.58     77.45   5997.97    246.00
08/26/2020       239     24.25     67.17   4511.48    258.00
08/27/2020       240     22.59     63.77   4066.55    279.00
08/28/2020       241     24.92     69.60   4844.55    248.00
08/29/2020       242     24.38     67.59   4568.72    249.00
08/30/2020       243     24.33     68.53   4695.92    237.00
08/31/2020       244     25.00     62.89   3955.37    235.00
09/01/2020       245     22.55     58.81   3459.10    247.00
09/02/2020       246     21.34     62.67   3926.93    248.00
09/03/2020       247     22.72     64.45   4153.69    250.00
09/04/2020       248     24.34     61.05   3727.24    248.00
09/05/2020       249     27.41     60.00   3600.41    240.00
09/06/2020       250     30.21     63.71   4059.33    212.00
09/07/2020       251     30.43     61.22   3748.01    196.00
09/08/2020       252     26.86     63.54   4037.71    196.00
09/09/2020       253     22.22     54.09   2925.21    165.00
09/10/2020       254     20.48     64.48   4157.34    149.00
09/11/2020       255     20.25     61.05   3727.24    188.00
09/12/2020       256     21.51     58.73   3449.11    182.00
09/13/2020       257     22.33     54.17   2934.40    167.00
09/14/2020       258     21.27     57.20   3271.84    211.00
09/15/2020       259     21.95     64.02   4099.12    210.00
09/16/2020       260     22.24     59.64   3556.37    216.00
09/17/2020       261     22.62     51.88   2691.17    213.00
09/18/2020       262     21.11     51.28   2629.82    186.00
09/19/2020       263     20.93     55.59   3089.80    227.00
09/20/2020       264     22.15     49.98   2497.92    216.00
09/21/2020       265     23.56     54.34   2952.84    222.00
09/22/2020       266     22.78     50.49   2549.13    237.00
09/23/2020       267     22.35     60.03   3603.81    232.00
09/24/2020       268     22.18     57.82   3343.50    226.00
09/25/2020       269     20.86     48.93   2394.29    233.00
09/26/2020       270     22.68     54.40   2959.00    199.00
09/27/2020       271     24.87     49.30   2430.45    217.00
09/28/2020       272     25.23     55.67   3099.25    224.00
09/29/2020       273     25.12     56.97   3245.98    192.00
09/30/2020       274     24.73     55.90   3124.53    195.00
10/01/2020       275     24.87     48.82   2383.22    180.00
10/02/2020       276     20.59     57.45   3301.06    173.00
10/03/2020       277     17.08     52.75   2783.01    171.00
10/04/2020       278     17.55     55.56   3086.65    214.00
10/05/2020       279     16.37     59.30   3515.95    215.00
10/06/2020       280     17.82     50.29   2529.16    197.00
10/07/2020       281     19.94     43.38   1881.95    194.00
10/08/2020       282     19.40     44.23   1956.37    117.00
10/09/2020       283     15.88     44.23   1956.37    161.00
10/10/2020       284     13.64     44.23   1956.37    159.00
10/11/2020       285     12.90     44.23   1956.37    181.00
10/12/2020       286     14.10     44.23   1956.37    199.00
10/13/2020       287     16.11     44.23   1956.37    192.00
10/14/2020       288     17.07     44.23   1956.37    190.00
10/15/2020       289     17.95     44.23   1956.37    185.00
10/16/2020       290     18.72     44.23   1956.37    180.00
10/17/2020       291     19.70     44.23   1956.37    188.00
10/18/2020       292     18.87     44.23   1956.37    184.00
10/19/2020       293     16.64     44.23   1956.37    183.00
10/20/2020       294     15.01     44.23   1956.37    176.00
10/21/2020       295     16.01     44.23   1956.37    179.00
10/22/2020       296     16.97     44.23   1956.37    173.00
10/23/2020       297     18.55     44.23   1956.37    176.00
10/24/2020       298     18.53     44.23   1956.37    171.00
10/25/2020       299     18.54     44.23   1956.37    168.00
10/26/2020       300     18.55     44.23   1956.37    171.00
10/27/2020       301     17.12     44.23   1956.37    165.00
10/28/2020       302     17.72     44.23   1956.37    166.00
10/29/2020       303     17.21     44.23   1956.37    163.00
10/30/2020       304     16.32     44.23   1956.37    161.00
10/31/2020       305     17.89     44.23   1956.37    161.00
11/01/2020       306     15.04     37.38   1397.13    155.00
11/02/2020       307     15.23     37.38   1397.13    155.00
11/03/2020       308     12.70     37.38   1397.13    153.00
11/04/2020       309     11.06     37.38   1397.13    153.00
11/05/2020       310     10.01     37.38   1397.13    151.00
11/06/2020       311     12.33     37.38   1397.13      0.00
11/07/2020       312     14.23     37.38   1397.13    124.00
11/08/2020       313     13.09     37.38   1397.13    151.00
11/09/2020       314     12.17     37.38   1397.13    143.00
11/10/2020       315     10.96     37.38   1397.13    146.00
11/11/2020       316     12.47     37.38   1397.13     99.00
11/12/2020       317     13.30     37.38   1397.13    144.00
11/13/2020       318     14.62     37.38   1397.13     27.00
11/14/2020       319     15.50     37.38   1397.13     93.00
11/15/2020       320     16.04     37.38   1397.13    136.00
11/16/2020       321     16.22     37.38   1397.13    134.00
11/17/2020       322     15.99     37.38   1397.13     36.00
11/18/2020       323     14.98     37.38   1397.13     48.00
11/19/2020       324     11.94     37.38   1397.13    126.00
11/20/2020       325     13.48     37.38   1397.13    129.00
11/21/2020       326      9.89     37.38   1397.13    122.00
11/22/2020       327     10.60     37.38   1397.13    118.00
11/23/2020       328     10.52     37.38   1397.13    125.00
11/24/2020       329     10.56     37.38   1397.13    125.00
11/25/2020       330     12.98     37.38   1397.13    125.00
11/26/2020       331     11.59     37.38   1397.13    129.00
11/27/2020       332     12.01     37.38   1397.13    125.00
11/28/2020       333     10.38     37.38   1397.13    125.00
11/29/2020       334     10.44     37.38   1397.13    121.00
11/30/2020       335     11.49     37.38   1397.13    121.00
12/01/2020       336     10.47     37.15   1380.25    120.00
12/02/2020       337     10.22     37.15   1380.25    118.00
12/03/2020       338     10.07     37.15   1380.25    110.00
12/04/2020       339      7.28     37.15   1380.25    110.00
12/05/2020       340      7.14     37.15   1380.25    110.00
12/06/2020       341      5.28     37.15   1380.25    110.00
