Natoma temp profiles at dam from tracy mdb 2/13/04				
JDAY		Depth	      TempC	
564.00	0	1.52	18.03	7/17/2001
564.00	0	3.05	17.82	7/17/2001
564.00	0	4.57	18.07	7/17/2001
564.00	0	6.09	17.88	7/17/2001
564.00	0	7.62	17.91	7/17/2001
564.00	0	9.16	17.84	7/17/2001
564.00	0	0.17	19.51	7/17/2001
565.00	0	1.52	18.36	7/18/2001
565.00	0	3.05	17.82	7/18/2001
565.00	0	4.57	17.75	7/18/2001
565.00	0	6.1	17.72	7/18/2001
565.00	0	7.62	17.74	7/18/2001
565.00	0	9.18	17.68	7/18/2001
565.00	0	0.19	19.83	7/18/2001
566.00	0	1.52	18.36	7/19/2001
566.00	0	3.05	17.98	7/19/2001
566.00	0	4.57	17.91	7/19/2001
566.00	0	6.09	17.88	7/19/2001
566.00	0	7.62	17.91	7/19/2001
566.00	0	9.2	17.84	7/19/2001
566.00	0	0.21	19.51	7/19/2001
567.00	0	1.53	18.68	7/20/2001
567.00	0	3.05	18.3	7/20/2001
567.00	0	4.57	18.23	7/20/2001
567.00	0	6.1	18.21	7/20/2001
567.00	0	7.62	18.23	7/20/2001
567.00	0	9.21	18.01	7/20/2001
567.00	0	0.21	19.99	7/20/2001
568.00	0	1.53	18.52	7/21/2001
568.00	0	3.05	18.3	7/21/2001
568.00	0	4.58	18.39	7/21/2001
568.00	0	6.1	18.37	7/21/2001
568.00	0	7.62	18.39	7/21/2001
568.00	0	9.19	18.17	7/21/2001
568.00	0	0.2	19.67	7/21/2001
569.00	0	1.52	18.84	7/22/2001
569.00	0	3.04	18.14	7/22/2001
569.00	0	4.57	18.23	7/22/2001
569.00	0	6.09	18.21	7/22/2001
569.00	0	7.62	18.23	7/22/2001
569.00	0	9.2	18.01	7/22/2001
569.00	0	0.21	20.31	7/22/2001
570.00	0	1.52	18.84	7/23/2001
570.00	0	3.05	18.46	7/23/2001
570.00	0	4.57	18.39	7/23/2001
570.00	0	6.1	18.37	7/23/2001
570.00	0	7.62	18.39	7/23/2001
570.00	0	9.21	18.33	7/23/2001
570.00	0	0.22	19.67	7/23/2001
571.00	0	1.52	18.68	7/24/2001
571.00	0	3.05	18.46	7/24/2001
571.00	0	4.57	18.56	7/24/2001
571.00	0	6.1	18.53	7/24/2001
571.00	0	7.62	18.71	7/24/2001
571.00	0	9.18	18.49	7/24/2001
571.00	0	0.19	19.67	7/24/2001
572.00	0	1.53	18.52	7/25/2001
572.00	0	3.05	17.18	7/25/2001
572.00	0	4.57	17.27	7/25/2001
572.00	0	6.1	17.24	7/25/2001
572.00	0	7.62	17.26	7/25/2001
572.00	0	9.18	17.21	7/25/2001
572.00	0	0.18	20.97	7/25/2001
573.00	0	1.53	16.75	7/26/2001
573.00	0	3.05	16.22	7/26/2001
573.00	0	4.58	16.16	7/26/2001
573.00	0	6.1	16.13	7/26/2001
573.00	0	7.62	16.15	7/26/2001
573.00	0	9.16	16.09	7/26/2001
573.00	0	0.17	20.31	7/26/2001
574.00	0	1.52	16.43	7/27/2001
574.00	0	3.05	16.07	7/27/2001
574.00	0	4.57	16.16	7/27/2001
574.00	0	6.09	16.13	7/27/2001
574.00	0	7.62	16.15	7/27/2001
574.00	0	9.16	15.93	7/27/2001
574.00	0	0.17	19.99	7/27/2001
575.00	0	1.53	16.28	7/28/2001
575.00	0	3.05	16.07	7/28/2001
575.00	0	4.57	16.16	7/28/2001
575.00	0	6.1	16.13	7/28/2001
575.00	0	7.62	16.15	7/28/2001
575.00	0	9.2	15.93	7/28/2001
575.00	0	0.2	16.61	7/28/2001
576.00	0	1.52	16.28	7/29/2001
576.00	0	3.05	16.22	7/29/2001
576.00	0	4.57	16	7/29/2001
576.00	0	6.09	15.97	7/29/2001
576.00	0	7.62	15.99	7/29/2001
576.00	0	9.22	15.93	7/29/2001
576.00	0	0.23	16.93	7/29/2001
577.00	0	1.52	16.75	7/30/2001
577.00	0	3.05	16.22	7/30/2001
577.00	0	4.57	16.16	7/30/2001
577.00	0	6.09	16.13	7/30/2001
577.00	0	7.62	16.31	7/30/2001
577.00	0	9.16	16.09	7/30/2001
577.00	0	0.17	18.69	7/30/2001
578.00	0	1.53	16.91	7/31/2001
578.00	0	3.05	16.38	7/31/2001
578.00	0	4.58	16.48	7/31/2001
578.00	0	6.1	16.44	7/31/2001
578.00	0	7.62	16.47	7/31/2001
578.00	0	9.18	16.25	7/31/2001
578.00	0	0.19	19.34	7/31/2001
579.00	0	1.53	16.75	8/1/2001
579.00	0	3.05	16.54	8/1/2001
579.00	0	4.57	16.48	8/1/2001
579.00	0	6.1	16.44	8/1/2001
579.00	0	7.62	16.47	8/1/2001
579.00	0	9.18	16.41	8/1/2001
579.00	0	0.18	18.37	8/1/2001
580.00	0	1.52	16.75	8/2/2001
580.00	0	3.04	16.54	8/2/2001
580.00	0	4.57	16.64	8/2/2001
580.00	0	6.09	16.61	8/2/2001
580.00	0	7.62	16.63	8/2/2001
580.00	0	9.17	16.57	8/2/2001
580.00	0	0.18	18.53	8/2/2001
581.00	0	1.52	17.07	8/3/2001
581.00	0	3.05	16.86	8/3/2001
581.00	0	4.57	16.79	8/3/2001
581.00	0	6.1	16.76	8/3/2001
581.00	0	7.62	16.78	8/3/2001
581.00	0	9.17	16.73	8/3/2001
581.00	0	0.18	19.34	8/3/2001
582.00	0	1.52	17.71	8/4/2001
582.00	0	3.04	17.02	8/4/2001
582.00	0	4.57	16.96	8/4/2001
582.00	0	6.09	17.08	8/4/2001
582.00	0	7.62	17.1	8/4/2001
582.00	0	9.18	16.89	8/4/2001
582.00	0	0.19	19.51	8/4/2001
583.00	0	1.52	19	8/5/2001
583.00	0	3.05	17.18	8/5/2001
583.00	0	4.57	17.11	8/5/2001
583.00	0	6.1	17.08	8/5/2001
583.00	0	7.62	17.1	8/5/2001
583.00	0	9.18	17.05	8/5/2001
583.00	0	0.19	20.15	8/5/2001
584.00	0	1.53	20.29	8/6/2001
584.00	0	3.05	17.33	8/6/2001
584.00	0	4.58	17.27	8/6/2001
584.00	0	6.1	17.24	8/6/2001
584.00	0	7.62	17.26	8/6/2001
584.00	0	9.19	17.05	8/6/2001
584.00	0	0.2	21.8	8/6/2001
585.00	0	1.53	19.81	8/7/2001
585.00	0	3.05	17.66	8/7/2001
585.00	0	4.58	17.27	8/7/2001
585.00	0	6.1	17.24	8/7/2001
585.00	0	7.62	17.42	8/7/2001
585.00	0	9.19	17.21	8/7/2001
585.00	0	0.2	22.13	8/7/2001
586.00	0	1.52	19	8/8/2001
586.00	0	3.05	17.49	8/8/2001
586.00	0	4.57	17.43	8/8/2001
586.00	0	6.09	17.4	8/8/2001
586.00	0	7.62	17.42	8/8/2001
586.00	0	9.17	17.37	8/8/2001
586.00	0	0.18	24.34	8/8/2001
587.00	0	1.52	18.03	8/9/2001
587.00	0	3.05	17.66	8/9/2001
587.00	0	4.57	17.59	8/9/2001
587.00	0	6.1	17.4	8/9/2001
587.00	0	7.62	17.42	8/9/2001
587.00	0	9.18	17.37	8/9/2001
587.00	0	0.19	20.64	8/9/2001
588.00	0	1.53	19.97	8/10/2001
588.00	0	3.05	18.14	8/10/2001
588.00	0	4.57	17.75	8/10/2001
588.00	0	6.1	17.88	8/10/2001
588.00	0	7.62	17.91	8/10/2001
588.00	0	9.19	17.68	8/10/2001
588.00	0	0.19	20.31	8/10/2001
589.00	0	1.53	20.29	8/11/2001
589.00	0	3.05	18.3	8/11/2001
589.00	0	4.58	18.07	8/11/2001
589.00	0	6.1	18.04	8/11/2001
589.00	0	7.62	17.91	8/11/2001
589.00	0	9.18	17.84	8/11/2001
589.00	0	0.19	21.13	8/11/2001
590.00	0	1.52	18.36	8/12/2001
590.00	0	3.05	18.14	8/12/2001
590.00	0	4.57	17.91	8/12/2001
590.00	0	6.1	17.88	8/12/2001
590.00	0	7.62	17.91	8/12/2001
590.00	0	9.16	17.84	8/12/2001
590.00	0	0.17	19.99	8/12/2001
591.00	0	1.53	18.68	8/13/2001
591.00	0	3.05	18.3	8/13/2001
591.00	0	4.58	18.23	8/13/2001
591.00	0	6.1	18.21	8/13/2001
591.00	0	7.62	18.23	8/13/2001
591.00	0	9.18	18.01	8/13/2001
591.00	0	0.19	20.31	8/13/2001
592.00	0	1.52	19.16	8/14/2001
592.00	0	3.04	18.46	8/14/2001
592.00	0	4.57	18.39	8/14/2001
592.00	0	6.09	18.37	8/14/2001
592.00	0	7.62	18.39	8/14/2001
592.00	0	9.17	18.17	8/14/2001
592.00	0	0.18	20.8	8/14/2001
593.00	0	1.53	19.81	8/15/2001
593.00	0	3.05	18.62	8/15/2001
593.00	0	4.57	18.39	8/15/2001
593.00	0	6.1	18.37	8/15/2001
593.00	0	7.62	18.39	8/15/2001
593.00	0	9.18	18.33	8/15/2001
593.00	0	0.19	21.3	8/15/2001
594.00	0	1.52	19.16	8/16/2001
594.00	0	3.04	18.46	8/16/2001
594.00	0	4.57	18.39	8/16/2001
594.00	0	6.09	18.37	8/16/2001
594.00	0	7.62	18.39	8/16/2001
594.00	0	9.17	18.33	8/16/2001
594.00	0	0.18	21.47	8/16/2001
595.00	0	1.53	19.64	8/17/2001
595.00	0	3.05	18.62	8/17/2001
595.00	0	4.58	18.39	8/17/2001
595.00	0	6.1	18.37	8/17/2001
595.00	0	7.62	18.55	8/17/2001
595.00	0	9.18	18.33	8/17/2001
595.00	0	0.19	22.63	8/17/2001
596.00	0	1.52	19.81	8/18/2001
596.00	0	3.04	18.95	8/18/2001
596.00	0	4.57	18.56	8/18/2001
596.00	0	6.09	18.53	8/18/2001
596.00	0	7.62	18.55	8/18/2001
596.00	0	9.19	18.49	8/18/2001
596.00	0	0.2	21.8	8/18/2001
597.00	0	1.52	20.46	8/19/2001
597.00	0	3.04	19.43	8/19/2001
597.00	0	4.57	18.88	8/19/2001
597.00	0	6.09	18.85	8/19/2001
597.00	0	7.62	18.87	8/19/2001
597.00	0	9.19	18.65	8/19/2001
597.00	0	0.2	22.3	8/19/2001
598.00	0	1.52	19.48	8/20/2001
598.00	0	3.04	19.11	8/20/2001
598.00	0	4.57	19.04	8/20/2001
598.00	0	6.09	19.01	8/20/2001
598.00	0	7.62	19.19	8/20/2001
598.00	0	9.19	18.98	8/20/2001
598.00	0	0.2	20.47	8/20/2001
599.00	0	1.53	20.29	8/21/2001
599.00	0	3.05	19.11	8/21/2001
599.00	0	4.58	19.04	8/21/2001
599.00	0	6.1	19.01	8/21/2001
599.00	0	7.62	19.03	8/21/2001
599.00	0	9.18	18.82	8/21/2001
599.00	0	0.19	20.8	8/21/2001
600.00	0	1.52	19.32	8/22/2001
600.00	0	3.04	18.95	8/22/2001
600.00	0	4.57	19.04	8/22/2001
600.00	0	6.09	19.01	8/22/2001
600.00	0	7.62	19.03	8/22/2001
600.00	0	9.18	18.82	8/22/2001
600.00	0	0.19	20.31	8/22/2001
601.00	0	1.53	19.81	8/23/2001
601.00	0	3.05	19.11	8/23/2001
601.00	0	4.58	19.36	8/23/2001
601.00	0	6.1	19.33	8/23/2001
601.00	0	7.62	19.36	8/23/2001
601.00	0	9.26	19.14	8/23/2001
601.00	0	0.27	20.64	8/23/2001
602.00	0	1.52	19.32	8/24/2001
602.00	0	3.05	18.95	8/24/2001
602.00	0	4.57	18.88	8/24/2001
602.00	0	6.09	19.01	8/24/2001
602.00	0	7.62	18.87	8/24/2001
602.00	0	9.24	18.82	8/24/2001
602.00	0	0.25	20.8	8/24/2001
603.00	0	1.52	19.48	8/25/2001
603.00	0	3.05	17.98	8/25/2001
603.00	0	4.57	17.43	8/25/2001
603.00	0	6.09	17.4	8/25/2001
603.00	0	7.62	17.42	8/25/2001
603.00	0	9.25	17.21	8/25/2001
603.00	0	0.26	21.47	8/25/2001
604.00	0	1.53	18.03	8/26/2001
604.00	0	3.05	17.02	8/26/2001
604.00	0	4.58	17.11	8/26/2001
604.00	0	6.1	17.24	8/26/2001
604.00	0	7.62	17.1	8/26/2001
604.00	0	9.25	17.05	8/26/2001
604.00	0	0.26	21.8	8/26/2001
605.00	0	1.53	17.87	8/27/2001
605.00	0	3.05	17.02	8/27/2001
605.00	0	4.58	17.11	8/27/2001
605.00	0	6.1	17.08	8/27/2001
605.00	0	7.62	17.1	8/27/2001
605.00	0	9.24	17.05	8/27/2001
605.00	0	0.25	22.63	8/27/2001
606.00	0	1.52	17.71	8/28/2001
606.00	0	3.05	17.18	8/28/2001
606.00	0	4.57	17.27	8/28/2001
606.00	0	6.1	17.24	8/28/2001
606.00	0	7.62	17.1	8/28/2001
606.00	0	9.24	17.05	8/28/2001
606.00	0	0.25	22.63	8/28/2001
607.00	0	1.53	17.71	8/29/2001
607.00	0	3.05	17.33	8/29/2001
607.00	0	4.58	17.27	8/29/2001
607.00	0	6.1	17.24	8/29/2001
607.00	0	7.62	17.26	8/29/2001
607.00	0	9.24	17.05	8/29/2001
607.00	0	0.25	20.8	8/29/2001
608.00	0	1.52	18.03	8/30/2001
608.00	0	3.05	17.49	8/30/2001
608.00	0	4.57	17.43	8/30/2001
608.00	0	6.1	17.4	8/30/2001
608.00	0	7.62	17.42	8/30/2001
608.00	0	9.23	17.21	8/30/2001
608.00	0	0.24	19.83	8/30/2001
609.00	0	1.53	19.81	8/31/2001
609.00	0	3.05	17.82	8/31/2001
609.00	0	4.57	17.59	8/31/2001
609.00	0	6.1	17.56	8/31/2001
609.00	0	7.62	17.58	8/31/2001
609.00	0	9.25	17.37	8/31/2001
609.00	0	0.25	20.31	8/31/2001
610.00	0	1.52	18.03	9/1/2001
610.00	0	3.05	17.82	9/1/2001
610.00	0	4.57	17.75	9/1/2001
610.00	0	6.09	17.72	9/1/2001
610.00	0	7.62	17.74	9/1/2001
610.00	0	9.23	17.52	9/1/2001
610.00	0	0.24	20.15	9/1/2001
611.00	0	1.52	20.29	9/2/2001
611.00	0	3.05	17.66	9/2/2001
611.00	0	4.57	17.59	9/2/2001
611.00	0	6.1	17.72	9/2/2001
611.00	0	7.62	17.74	9/2/2001
611.00	0	9.23	17.52	9/2/2001
611.00	0	0.24	20.97	9/2/2001
612.00	0	1.53	19.32	9/3/2001
612.00	0	3.05	17.82	9/3/2001
612.00	0	4.57	17.59	9/3/2001
612.00	0	6.1	17.56	9/3/2001
612.00	0	7.62	17.58	9/3/2001
612.00	0	9.24	17.37	9/3/2001
612.00	0	0.24	21.8	9/3/2001
613.00	0	1.52	19	9/4/2001
613.00	0	3.04	18.14	9/4/2001
613.00	0	4.57	17.59	9/4/2001
613.00	0	6.09	17.72	9/4/2001
613.00	0	7.62	17.74	9/4/2001
613.00	0	9.25	17.68	9/4/2001
613.00	0	0.26	21.47	9/4/2001
614.00	0	1.53	18.03	9/5/2001
614.00	0	3.05	17.66	9/5/2001
614.00	0	4.57	17.59	9/5/2001
614.00	0	6.1	17.56	9/5/2001
614.00	0	7.62	17.58	9/5/2001
614.00	0	9.17	17.52	9/5/2001
614.00	0	0.17	18.69	9/5/2001
615.00	0	1.52	18.03	9/6/2001
615.00	0	3.04	17.82	9/6/2001
615.00	0	4.57	17.59	9/6/2001
615.00	0	6.09	17.56	9/6/2001
615.00	0	7.62	17.58	9/6/2001
615.00	0	9.24	17.37	9/6/2001
615.00	0	0.25	20.31	9/6/2001
616.00	0	1.52	18.84	9/7/2001
616.00	0	3.05	18.3	9/7/2001
616.00	0	4.57	17.43	9/7/2001
616.00	0	6.1	17.4	9/7/2001
616.00	0	7.62	17.58	9/7/2001
616.00	0	9.2	17.37	9/7/2001
616.00	0	0.21	20.8	9/7/2001
617.00	0	1.52	19.16	9/8/2001
617.00	0	3.04	17.98	9/8/2001
617.00	0	4.57	17.43	9/8/2001
617.00	0	6.09	17.56	9/8/2001
617.00	0	7.62	17.58	9/8/2001
617.00	0	9.2	17.52	9/8/2001
617.00	0	0.21	19.99	9/8/2001
618.00	0	1.52	19.64	9/9/2001
618.00	0	3.05	18.62	9/9/2001
618.00	0	4.57	17.91	9/9/2001
618.00	0	6.09	17.88	9/9/2001
618.00	0	7.62	17.91	9/9/2001
618.00	0	9.21	17.84	9/9/2001
618.00	0	0.22	19.83	9/9/2001
619.00	0	1.52	19.48	9/10/2001
619.00	0	3.05	18.46	9/10/2001
619.00	0	4.57	18.23	9/10/2001
619.00	0	6.09	18.21	9/10/2001
619.00	0	7.62	18.23	9/10/2001
619.00	0	9.25	18.17	9/10/2001
619.00	0	0.26	19.83	9/10/2001
620.00	0	1.52	18.84	9/11/2001
620.00	0	3.05	18.46	9/11/2001
620.00	0	4.57	18.39	9/11/2001
620.00	0	6.1	18.37	9/11/2001
620.00	0	7.62	18.39	9/11/2001
620.00	0	9.21	18.33	9/11/2001
620.00	0	0.22	19.67	9/11/2001
621.00	0	1.52	18.84	9/12/2001
621.00	0	3.04	18.46	9/12/2001
621.00	0	4.57	18.39	9/12/2001
621.00	0	6.09	18.37	9/12/2001
621.00	0	7.62	18.39	9/12/2001
621.00	0	9.21	18.33	9/12/2001
621.00	0	0.22	19.83	9/12/2001
622.00	0	1.52	19.16	9/13/2001
622.00	0	3.05	18.78	9/13/2001
622.00	0	4.57	18.56	9/13/2001
622.00	0	6.09	18.53	9/13/2001
622.00	0	7.62	18.55	9/13/2001
622.00	0	9.22	18.49	9/13/2001
622.00	0	0.23	19.67	9/13/2001
623.00	0	1.52	19.16	9/14/2001
623.00	0	3.05	18.78	9/14/2001
623.00	0	4.57	18.72	9/14/2001
623.00	0	6.09	18.69	9/14/2001
623.00	0	7.62	18.71	9/14/2001
623.00	0	9.21	18.65	9/14/2001
623.00	0	0.22	20.15	9/14/2001
624.00	0	1.53	19.16	9/15/2001
624.00	0	3.05	18.78	9/15/2001
624.00	0	4.58	18.72	9/15/2001
624.00	0	6.1	18.69	9/15/2001
624.00	0	7.62	18.71	9/15/2001
624.00	0	9.18	18.65	9/15/2001
624.00	0	0.19	20.31	9/15/2001
625.00	0	1.53	18.84	9/16/2001
625.00	0	3.05	18.62	9/16/2001
625.00	0	4.57	18.72	9/16/2001
625.00	0	6.1	18.69	9/16/2001
625.00	0	7.62	18.71	9/16/2001
625.00	0	9.19	18.49	9/16/2001
625.00	0	0.19	19.67	9/16/2001
626.00	0	1.52	18.19	9/17/2001
626.00	0	3.04	17.98	9/17/2001
626.00	0	4.57	18.07	9/17/2001
626.00	0	6.09	18.04	9/17/2001
626.00	0	7.62	18.07	9/17/2001
626.00	0	9.18	18.01	9/17/2001
626.00	0	0.19	20.15	9/17/2001
627.00	0	1.53	18.03	9/18/2001
627.00	0	3.05	17.82	9/18/2001
627.00	0	4.58	17.91	9/18/2001
627.00	0	6.1	17.88	9/18/2001
627.00	0	7.62	17.91	9/18/2001
627.00	0	9.19	17.84	9/18/2001
627.00	0	0.2	19.83	9/18/2001
628.00	0	1.53	18.68	9/19/2001
628.00	0	3.05	17.98	9/19/2001
628.00	0	4.58	17.91	9/19/2001
628.00	0	6.1	17.88	9/19/2001
628.00	0	7.62	17.91	9/19/2001
628.00	0	9.21	17.84	9/19/2001
628.00	0	0.22	20.47	9/19/2001
629.00	0	1.52	18.19	9/20/2001
629.00	0	3.05	17.98	9/20/2001
629.00	0	4.57	17.91	9/20/2001
629.00	0	6.09	18.04	9/20/2001
629.00	0	7.62	18.07	9/20/2001
629.00	0	9.19	17.84	9/20/2001
629.00	0	0.2	20.15	9/20/2001
630.00	0	1.53	18.52	9/21/2001
630.00	0	3.05	18.3	9/21/2001
630.00	0	4.57	18.07	9/21/2001
630.00	0	6.1	18.04	9/21/2001
630.00	0	7.62	18.07	9/21/2001
630.00	0	9.19	18.01	9/21/2001
630.00	0	0.19	19.83	9/21/2001
631.00	0	1.53	18.84	9/22/2001
631.00	0	3.05	18.3	9/22/2001
631.00	0	4.57	18.23	9/22/2001
631.00	0	6.1	18.21	9/22/2001
631.00	0	7.62	18.23	9/22/2001
631.00	0	9.19	18.17	9/22/2001
631.00	0	0.19	20.31	9/22/2001
632.00	0	1.53	18.68	9/23/2001
632.00	0	3.05	18.3	9/23/2001
632.00	0	4.58	18.39	9/23/2001
632.00	0	6.1	18.37	9/23/2001
632.00	0	7.62	18.39	9/23/2001
632.00	0	9.19	18.17	9/23/2001
632.00	0	0.2	20.31	9/23/2001
633.00	0	1.53	18.68	9/24/2001
633.00	0	3.05	18.3	9/24/2001
633.00	0	4.58	18.39	9/24/2001
633.00	0	6.1	18.37	9/24/2001
633.00	0	7.62	18.55	9/24/2001
633.00	0	9.18	18.33	9/24/2001
633.00	0	0.19	19.67	9/24/2001
634.00	0	1.53	18.68	9/25/2001
634.00	0	3.05	18.46	9/25/2001
634.00	0	4.58	18.56	9/25/2001
634.00	0	6.1	18.53	9/25/2001
634.00	0	7.62	18.55	9/25/2001
634.00	0	9.19	18.33	9/25/2001
634.00	0	0.2	19.67	9/25/2001
635.00	0	1.52	19	9/26/2001
635.00	0	3.05	18.46	9/26/2001
635.00	0	4.57	18.56	9/26/2001
635.00	0	6.09	18.53	9/26/2001
635.00	0	7.62	18.55	9/26/2001
635.00	0	9.17	18.49	9/26/2001
635.00	0	0.18	19.99	9/26/2001
636.00	0	1.52	19.48	9/27/2001
636.00	0	3.05	18.78	9/27/2001
636.00	0	4.57	18.72	9/27/2001
636.00	0	6.09	18.69	9/27/2001
636.00	0	7.62	18.71	9/27/2001
636.00	0	9.18	18.65	9/27/2001
636.00	0	0.19	20.31	9/27/2001
637.00	0	1.53	19.64	9/28/2001
637.00	0	3.05	18.95	9/28/2001
637.00	0	4.58	18.88	9/28/2001
637.00	0	6.1	18.85	9/28/2001
637.00	0	7.62	18.87	9/28/2001
637.00	0	9.18	18.65	9/28/2001
637.00	0	0.19	19.67	9/28/2001
638.00	0	1.53	19.16	9/29/2001
638.00	0	3.05	18.78	9/29/2001
638.00	0	4.58	18.88	9/29/2001
638.00	0	6.1	18.85	9/29/2001
638.00	0	7.62	19.03	9/29/2001
638.00	0	9.19	18.82	9/29/2001
638.00	0	0.2	19.83	9/29/2001
639.00	0	1.52	20.29	9/30/2001
639.00	0	3.05	18.95	9/30/2001
639.00	0	4.57	19.04	9/30/2001
639.00	0	6.09	19.01	9/30/2001
639.00	0	7.62	19.03	9/30/2001
639.00	0	9.18	18.98	9/30/2001
639.00	0	0.19	20.64	9/30/2001
640.00	0	1.53	20.46	10/1/2001
640.00	0	3.05	19.76	10/1/2001
640.00	0	4.58	19.04	10/1/2001
640.00	0	6.1	19.01	10/1/2001
640.00	0	7.62	19.03	10/1/2001
640.00	0	9.18	18.98	10/1/2001
640.00	0	0.19	21.97	10/1/2001
641.00	0	1.53	19.97	10/2/2001
641.00	0	3.05	19.43	10/2/2001
641.00	0	4.57	19.2	10/2/2001
641.00	0	6.1	19.17	10/2/2001
641.00	0	7.62	19.19	10/2/2001
641.00	0	9.19	18.98	10/2/2001
641.00	0	0.2	21.3	10/2/2001
642.00	0	1.53	20.29	10/3/2001
642.00	0	3.05	19.6	10/3/2001
642.00	0	4.57	19.36	10/3/2001
642.00	0	6.1	19.33	10/3/2001
642.00	0	7.62	19.36	10/3/2001
642.00	0	9.19	19.3	10/3/2001
642.00	0	0.19	21.63	10/3/2001
643.00	0	1.52	20.62	10/4/2001
643.00	0	3.05	19.43	10/4/2001
643.00	0	4.57	19.52	10/4/2001
643.00	0	6.1	19.49	10/4/2001
643.00	0	7.62	19.52	10/4/2001
643.00	0	9.18	19.46	10/4/2001
643.00	0	0.19	20.64	10/4/2001
644.00	0	1.53	20.13	10/5/2001
644.00	0	3.05	19.6	10/5/2001
644.00	0	4.58	19.85	10/5/2001
644.00	0	6.1	19.66	10/5/2001
644.00	0	7.62	19.84	10/5/2001
644.00	0	9.19	19.62	10/5/2001
644.00	0	0.2	20.15	10/5/2001
645.00	0	1.52	19.81	10/6/2001
645.00	0	3.04	19.76	10/6/2001
645.00	0	4.57	20.01	10/6/2001
645.00	0	6.09	19.82	10/6/2001
645.00	0	7.62	19.84	10/6/2001
645.00	0	9.2	19.78	10/6/2001
645.00	0	0.21	19.99	10/6/2001
646.00	0	1.52	19.81	10/7/2001
646.00	0	3.04	19.6	10/7/2001
646.00	0	4.57	19.85	10/7/2001
646.00	0	6.09	19.82	10/7/2001
646.00	0	7.62	19.84	10/7/2001
646.00	0	9.19	19.78	10/7/2001
646.00	0	0.2	19.83	10/7/2001
818.00	0	0.17	13.01	3/28/2002
818.00	0	1.54	11.06	3/28/2002
818.00	0	3.06	10.46	3/28/2002
818.00	0	4.59	10.56	3/28/2002
818.00	0	6.11	10.53	3/28/2002
818.00	0	7.63	10.55	3/28/2002
818.00	0	9.16	10.5	3/28/2002
818.00	0	10.68	10.69	3/28/2002
818.00	0	0.17	12.03	3/28/2002
818.00	0	1.54	11.16	3/28/2002
818.00	0	3.06	10.72	3/28/2002
818.00	0	4.59	10.29	3/28/2002
818.00	0	6.11	10.38	3/28/2002
818.00	0	7.63	10.35	3/28/2002
818.00	0	9.16	10.19	3/28/2002
819.00	0	0.15	11.76	3/29/2002
819.00	0	1.52	10.91	3/29/2002
819.00	0	3.05	10.61	3/29/2002
819.00	0	4.57	11.18	3/29/2002
819.00	0	6.1	10.83	3/29/2002
819.00	0	7.62	10.86	3/29/2002
819.00	0	9.14	10.96	3/29/2002
819.00	0	10.67	11.16	3/29/2002
819.00	0	0.15	12.18	3/29/2002
819.00	0	1.52	11.32	3/29/2002
819.00	0	3.05	10.87	3/29/2002
819.00	0	4.57	10.45	3/29/2002
819.00	0	6.1	10.54	3/29/2002
819.00	0	7.62	10.51	3/29/2002
819.00	0	9.14	10.34	3/29/2002
820.00	0	0.13	11.92	3/30/2002
820.00	0	1.51	10.91	3/30/2002
820.00	0	3.03	10.61	3/30/2002
820.00	0	4.55	10.71	3/30/2002
820.00	0	6.08	10.68	3/30/2002
820.00	0	7.6	10.71	3/30/2002
820.00	0	9.13	10.66	3/30/2002
820.00	0	10.65	10.69	3/30/2002
820.00	0	0.13	12.18	3/30/2002
820.00	0	1.51	11.32	3/30/2002
820.00	0	3.03	10.87	3/30/2002
820.00	0	4.55	10.45	3/30/2002
820.00	0	6.08	10.54	3/30/2002
820.00	0	7.6	10.51	3/30/2002
820.00	0	9.13	10.34	3/30/2002
821.00	0	0.12	11.29	3/31/2002
821.00	0	1.5	10.91	3/31/2002
821.00	0	3.02	10.61	3/31/2002
821.00	0	4.54	10.71	3/31/2002
821.00	0	6.07	10.53	3/31/2002
821.00	0	7.59	10.71	3/31/2002
821.00	0	9.12	10.66	3/31/2002
821.00	0	10.64	10.69	3/31/2002
821.00	0	0.12	11.88	3/31/2002
821.00	0	1.5	11.16	3/31/2002
821.00	0	3.02	10.87	3/31/2002
821.00	0	4.54	10.61	3/31/2002
821.00	0	6.07	10.54	3/31/2002
821.00	0	7.59	10.51	3/31/2002
821.00	0	9.12	10.5	3/31/2002
822.00	0	0.23	12.38	4/1/2002
822.00	0	1.6	11.37	4/1/2002
822.00	0	3.12	10.92	4/1/2002
822.00	0	4.65	10.87	4/1/2002
822.00	0	6.17	10.68	4/1/2002
822.00	0	7.7	10.86	4/1/2002
822.00	0	9.22	10.66	4/1/2002
822.00	0	10.74	10.84	4/1/2002
822.00	0	0.23	12.49	4/1/2002
822.00	0	1.6	11.62	4/1/2002
822.00	0	3.12	11.03	4/1/2002
822.00	0	4.65	10.61	4/1/2002
822.00	0	6.17	10.54	4/1/2002
822.00	0	7.7	10.51	4/1/2002
822.00	0	9.22	10.5	4/1/2002
823.00	0	0.23	12.85	4/2/2002
823.00	0	1.6	11.22	4/2/2002
823.00	0	3.12	10.92	4/2/2002
823.00	0	4.65	10.87	4/2/2002
823.00	0	6.17	10.83	4/2/2002
823.00	0	7.69	10.86	4/2/2002
823.00	0	9.22	10.81	4/2/2002
823.00	0	10.74	11	4/2/2002
823.00	0	0.52	12.96	4/2/2002
823.00	0	1.89	11.32	4/2/2002
823.00	0	3.41	11.03	4/2/2002
823.00	0	4.94	10.61	4/2/2002
823.00	0	6.46	10.54	4/2/2002
823.00	0	7.98	10.66	4/2/2002
823.00	0	9.51	10.5	4/2/2002
824.00	0	0.26	12.85	4/3/2002
824.00	0	1.63	11.37	4/3/2002
824.00	0	3.15	10.92	4/3/2002
824.00	0	4.68	11.18	4/3/2002
824.00	0	6.2	10.99	4/3/2002
824.00	0	7.72	11.17	4/3/2002
824.00	0	9.25	10.96	4/3/2002
824.00	0	10.77	11	4/3/2002
824.00	0	0.26	12.81	4/3/2002
824.00	0	1.63	11.62	4/3/2002
824.00	0	3.15	11.18	4/3/2002
824.00	0	4.68	10.76	4/3/2002
824.00	0	6.2	10.85	4/3/2002
824.00	0	7.72	10.82	4/3/2002
824.00	0	9.25	10.81	4/3/2002
825.00	0	0.22	11.45	4/4/2002
825.00	0	1.59	10.76	4/4/2002
825.00	0	3.12	10.46	4/4/2002
825.00	0	4.64	10.87	4/4/2002
825.00	0	6.17	10.83	4/4/2002
825.00	0	7.69	10.86	4/4/2002
825.00	0	9.21	10.96	4/4/2002
825.00	0	10.74	11	4/4/2002
825.00	0	0.22	11.41	4/4/2002
825.00	0	1.59	10.7	4/4/2002
825.00	0	3.12	10.72	4/4/2002
825.00	0	4.64	10.45	4/4/2002
825.00	0	6.17	10.69	4/4/2002
825.00	0	7.69	10.66	4/4/2002
825.00	0	9.21	10.66	4/4/2002
826.00	0	0.17	11.29	4/5/2002
826.00	0	1.54	10.76	4/5/2002
826.00	0	3.06	10.46	4/5/2002
826.00	0	4.59	10.71	4/5/2002
826.00	0	6.11	10.53	4/5/2002
826.00	0	7.63	10.71	4/5/2002
826.00	0	9.16	10.66	4/5/2002
826.00	0	10.68	10.69	4/5/2002
826.00	0	0.17	11.41	4/5/2002
826.00	0	1.54	10.86	4/5/2002
826.00	0	3.06	10.72	4/5/2002
826.00	0	4.59	10.45	4/5/2002
826.00	0	6.11	10.54	4/5/2002
826.00	0	7.63	10.66	4/5/2002
826.00	0	9.16	10.5	4/5/2002
827.00	0	0.18	11.45	4/6/2002
827.00	0	1.55	10.91	4/6/2002
827.00	0	3.08	10.77	4/6/2002
827.00	0	4.6	10.87	4/6/2002
827.00	0	6.12	10.83	4/6/2002
827.00	0	7.65	10.86	4/6/2002
827.00	0	9.17	10.81	4/6/2002
827.00	0	10.7	10.84	4/6/2002
827.00	0	0.18	11.72	4/6/2002
827.00	0	1.55	10.86	4/6/2002
827.00	0	3.08	10.72	4/6/2002
827.00	0	4.6	10.61	4/6/2002
827.00	0	6.12	10.54	4/6/2002
827.00	0	7.65	10.66	4/6/2002
827.00	0	9.17	10.5	4/6/2002
828.00	0	0.16	11.61	4/7/2002
828.00	0	1.53	11.37	4/7/2002
828.00	0	3.05	11.07	4/7/2002
828.00	0	4.58	11.33	4/7/2002
828.00	0	6.1	11.14	4/7/2002
828.00	0	7.62	11.32	4/7/2002
828.00	0	9.15	11.12	4/7/2002
828.00	0	10.67	11.16	4/7/2002
828.00	0	0.15	12.49	4/7/2002
828.00	0	1.53	11.47	4/7/2002
828.00	0	3.05	11.33	4/7/2002
828.00	0	4.57	10.91	4/7/2002
828.00	0	6.1	11.01	4/7/2002
828.00	0	7.62	10.97	4/7/2002
828.00	0	9.15	10.81	4/7/2002
829.00	0	0.2	11.61	4/8/2002
829.00	0	1.57	11.22	4/8/2002
829.00	0	3.1	10.92	4/8/2002
829.00	0	4.62	11.18	4/8/2002
829.00	0	6.14	10.99	4/8/2002
829.00	0	7.67	11.17	4/8/2002
829.00	0	9.19	10.96	4/8/2002
829.00	0	10.72	11.16	4/8/2002
829.00	0	0.16	12.03	4/8/2002
829.00	0	1.53	11.47	4/8/2002
829.00	0	3.05	11.33	4/8/2002
829.00	0	4.57	10.91	4/8/2002
829.00	0	6.1	10.85	4/8/2002
829.00	0	7.62	10.82	4/8/2002
829.00	0	9.15	10.81	4/8/2002
830.00	0	0.19	12.07	4/9/2002
830.00	0	1.57	11.52	4/9/2002
830.00	0	3.09	11.07	4/9/2002
830.00	0	4.61	11.33	4/9/2002
830.00	0	6.14	11.29	4/9/2002
830.00	0	7.66	11.32	4/9/2002
830.00	0	9.19	11.27	4/9/2002
830.00	0	10.71	11.31	4/9/2002
830.00	0	0.15	12.03	4/9/2002
830.00	0	1.52	11.62	4/9/2002
830.00	0	3.05	11.33	4/9/2002
830.00	0	4.57	10.91	4/9/2002
830.00	0	6.09	11.01	4/9/2002
830.00	0	7.62	10.97	4/9/2002
830.00	0	9.14	10.97	4/9/2002
831.00	0	0.2	11.61	4/10/2002
831.00	0	1.57	10.76	4/10/2002
831.00	0	3.1	10.46	4/10/2002
831.00	0	4.62	10.71	4/10/2002
831.00	0	6.14	10.53	4/10/2002
831.00	0	7.67	10.71	4/10/2002
831.00	0	9.19	10.5	4/10/2002
831.00	0	10.72	10.69	4/10/2002
831.00	0	0.16	11.57	4/10/2002
831.00	0	1.53	10.86	4/10/2002
831.00	0	3.05	10.72	4/10/2002
831.00	0	4.58	10.45	4/10/2002
831.00	0	6.1	10.54	4/10/2002
831.00	0	7.62	10.51	4/10/2002
831.00	0	9.15	10.5	4/10/2002
832.00	0	0.2	12.07	4/11/2002
832.00	0	1.57	11.37	4/11/2002
832.00	0	3.1	11.07	4/11/2002
832.00	0	4.62	11.33	4/11/2002
832.00	0	6.15	11.14	4/11/2002
832.00	0	7.67	11.32	4/11/2002
832.00	0	9.19	11.27	4/11/2002
832.00	0	10.72	11.31	4/11/2002
832.00	0	0.15	12.49	4/11/2002
832.00	0	1.52	11.47	4/11/2002
832.00	0	3.05	11.33	4/11/2002
832.00	0	4.57	11.07	4/11/2002
832.00	0	6.09	11.16	4/11/2002
832.00	0	7.62	11.13	4/11/2002
832.00	0	9.14	10.97	4/11/2002
833.00	0	0.19	11.92	4/12/2002
833.00	0	1.56	11.52	4/12/2002
833.00	0	3.08	11.23	4/12/2002
833.00	0	4.6	11.48	4/12/2002
833.00	0	6.13	11.29	4/12/2002
833.00	0	7.65	11.32	4/12/2002
833.00	0	9.18	11.27	4/12/2002
833.00	0	10.7	11.31	4/12/2002
833.00	0	0.15	13.43	4/12/2002
833.00	0	1.52	11.78	4/12/2002
833.00	0	3.05	11.49	4/12/2002
833.00	0	4.57	11.07	4/12/2002
833.00	0	6.1	11.16	4/12/2002
833.00	0	7.62	11.28	4/12/2002
833.00	0	9.14	11.12	4/12/2002
834.00	0	0.19	12.07	4/13/2002
834.00	0	1.56	11.52	4/13/2002
834.00	0	3.09	11.23	4/13/2002
834.00	0	4.61	11.48	4/13/2002
834.00	0	6.14	11.45	4/13/2002
834.00	0	7.66	11.48	4/13/2002
834.00	0	9.18	11.42	4/13/2002
834.00	0	10.71	11.62	4/13/2002
834.00	0	0.16	12.81	4/13/2002
834.00	0	1.53	11.93	4/13/2002
834.00	0	3.05	11.64	4/13/2002
834.00	0	4.58	11.22	4/13/2002
834.00	0	6.1	11.31	4/13/2002
834.00	0	7.62	11.28	4/13/2002
834.00	0	9.15	11.27	4/13/2002
835.00	0	0.18	12.69	4/14/2002
835.00	0	1.56	11.83	4/14/2002
835.00	0	3.08	11.23	4/14/2002
835.00	0	4.6	11.79	4/14/2002
835.00	0	6.13	11.61	4/14/2002
835.00	0	7.65	11.63	4/14/2002
835.00	0	9.18	11.73	4/14/2002
835.00	0	10.7	12.08	4/14/2002
835.00	0	0.15	13.12	4/14/2002
835.00	0	1.52	11.93	4/14/2002
835.00	0	3.05	11.8	4/14/2002
835.00	0	4.57	11.37	4/14/2002
835.00	0	6.09	11.31	4/14/2002
835.00	0	7.62	11.28	4/14/2002
835.00	0	9.14	11.12	4/14/2002
836.00	0	0.19	12.23	4/15/2002
836.00	0	1.56	12.14	4/15/2002
836.00	0	3.09	11.53	4/15/2002
836.00	0	4.61	11.79	4/15/2002
836.00	0	6.13	11.61	4/15/2002
836.00	0	7.66	11.79	4/15/2002
836.00	0	9.18	11.73	4/15/2002
836.00	0	10.71	11.77	4/15/2002
836.00	0	0.15	12.18	4/15/2002
836.00	0	1.53	11.93	4/15/2002
836.00	0	3.05	11.96	4/15/2002
836.00	0	4.57	11.68	4/15/2002
836.00	0	6.1	11.78	4/15/2002
836.00	0	7.62	11.59	4/15/2002
836.00	0	9.15	11.43	4/15/2002
837.00	0	0.19	11.45	4/16/2002
837.00	0	1.56	11.37	4/16/2002
837.00	0	3.08	10.92	4/16/2002
837.00	0	4.61	11.33	4/16/2002
837.00	0	6.13	11.14	4/16/2002
837.00	0	7.66	11.32	4/16/2002
837.00	0	9.18	11.27	4/16/2002
837.00	0	10.7	11.31	4/16/2002
837.00	0	0.15	11.41	4/16/2002
837.00	0	1.52	11.16	4/16/2002
837.00	0	3.04	11.18	4/16/2002
837.00	0	4.57	10.76	4/16/2002
837.00	0	6.09	10.85	4/16/2002
837.00	0	7.62	10.82	4/16/2002
837.00	0	9.14	10.66	4/16/2002
838.00	0	0.2	11.45	4/17/2002
838.00	0	1.57	11.22	4/17/2002
838.00	0	3.09	10.92	4/17/2002
838.00	0	4.61	11.18	4/17/2002
838.00	0	6.14	10.99	4/17/2002
838.00	0	7.66	11.17	4/17/2002
838.00	0	9.19	11.12	4/17/2002
838.00	0	10.71	11.31	4/17/2002
838.00	0	0.16	11.57	4/17/2002
838.00	0	1.53	11.47	4/17/2002
838.00	0	3.05	11.33	4/17/2002
838.00	0	4.58	11.07	4/17/2002
838.00	0	6.1	11.01	4/17/2002
838.00	0	7.62	11.13	4/17/2002
838.00	0	9.15	10.97	4/17/2002
839.00	0	0.18	11.29	4/18/2002
839.00	0	1.56	11.06	4/18/2002
839.00	0	3.08	10.77	4/18/2002
839.00	0	4.6	11.02	4/18/2002
839.00	0	6.13	10.83	4/18/2002
839.00	0	7.65	11.01	4/18/2002
839.00	0	9.18	10.81	4/18/2002
839.00	0	10.7	11	4/18/2002
839.00	0	0.15	11.57	4/18/2002
839.00	0	1.52	11.32	4/18/2002
839.00	0	3.05	11.33	4/18/2002
839.00	0	4.57	11.07	4/18/2002
839.00	0	6.09	11.16	4/18/2002
839.00	0	7.62	11.13	4/18/2002
839.00	0	9.14	10.97	4/18/2002
840.00	0	0.19	11.92	4/19/2002
840.00	0	1.57	11.83	4/19/2002
840.00	0	3.09	11.53	4/19/2002
840.00	0	4.61	11.79	4/19/2002
840.00	0	6.14	11.61	4/19/2002
840.00	0	7.66	11.63	4/19/2002
840.00	0	9.19	11.58	4/19/2002
840.00	0	10.71	11.62	4/19/2002
840.00	0	0.15	12.18	4/19/2002
840.00	0	1.52	11.93	4/19/2002
840.00	0	3.04	11.96	4/19/2002
840.00	0	4.57	11.68	4/19/2002
840.00	0	6.09	11.93	4/19/2002
840.00	0	7.62	11.9	4/19/2002
840.00	0	9.14	11.74	4/19/2002
841.00	0	0.19	12.69	4/20/2002
841.00	0	1.57	12.77	4/20/2002
841.00	0	3.09	12.16	4/20/2002
841.00	0	4.61	12.42	4/20/2002
841.00	0	6.14	12.23	4/20/2002
841.00	0	7.66	12.41	4/20/2002
841.00	0	9.19	12.19	4/20/2002
841.00	0	10.71	12.39	4/20/2002
841.00	0	0.16	12.81	4/20/2002
841.00	0	1.53	12.39	4/20/2002
841.00	0	3.05	12.42	4/20/2002
841.00	0	4.58	12.14	4/20/2002
841.00	0	6.1	12.24	4/20/2002
841.00	0	7.62	12.21	4/20/2002
841.00	0	9.15	12.21	4/20/2002
842.00	0	0.19	12.69	4/21/2002
842.00	0	1.56	12.46	4/21/2002
842.00	0	3.08	11.84	4/21/2002
842.00	0	4.61	12.26	4/21/2002
842.00	0	6.13	12.07	4/21/2002
842.00	0	7.66	12.1	4/21/2002
842.00	0	9.18	12.04	4/21/2002
842.00	0	10.7	12.23	4/21/2002
842.00	0	0.15	12.96	4/21/2002
842.00	0	1.52	12.55	4/21/2002
842.00	0	3.04	12.42	4/21/2002
842.00	0	4.57	12.14	4/21/2002
842.00	0	6.09	12.09	4/21/2002
842.00	0	7.62	12.06	4/21/2002
842.00	0	9.14	12.05	4/21/2002
843.00	0	0.2	12.69	4/22/2002
843.00	0	1.57	12.14	4/22/2002
843.00	0	3.09	11.69	4/22/2002
843.00	0	4.62	11.95	4/22/2002
843.00	0	6.14	11.76	4/22/2002
843.00	0	7.67	11.94	4/22/2002
843.00	0	9.19	11.88	4/22/2002
843.00	0	10.71	11.93	4/22/2002
843.00	0	0.16	12.96	4/22/2002
843.00	0	1.53	12.39	4/22/2002
843.00	0	3.05	12.11	4/22/2002
843.00	0	4.57	11.68	4/22/2002
843.00	0	6.1	11.62	4/22/2002
843.00	0	7.62	11.74	4/22/2002
843.00	0	9.15	11.58	4/22/2002
844.00	0	0.2	12.85	4/23/2002
844.00	0	1.57	12.3	4/23/2002
844.00	0	3.09	11.84	4/23/2002
844.00	0	4.62	12.26	4/23/2002
844.00	0	6.14	12.07	4/23/2002
844.00	0	7.67	12.25	4/23/2002
844.00	0	9.19	12.04	4/23/2002
844.00	0	10.71	12.23	4/23/2002
844.00	0	0.16	13.58	4/23/2002
844.00	0	1.53	12.86	4/23/2002
844.00	0	3.05	12.27	4/23/2002
844.00	0	4.57	11.99	4/23/2002
844.00	0	6.1	12.09	4/23/2002
844.00	0	7.62	11.9	4/23/2002
844.00	0	9.15	11.89	4/23/2002
845.00	0	0.19	12.85	4/24/2002
845.00	0	1.56	12.3	4/24/2002
845.00	0	3.08	12	4/24/2002
845.00	0	4.61	12.42	4/24/2002
845.00	0	6.13	12.38	4/24/2002
845.00	0	7.66	12.41	4/24/2002
845.00	0	9.18	12.51	4/24/2002
845.00	0	10.7	13.01	4/24/2002
845.00	0	0.16	13.12	4/24/2002
845.00	0	1.53	12.55	4/24/2002
845.00	0	3.05	12.42	4/24/2002
845.00	0	4.58	11.99	4/24/2002
845.00	0	6.1	12.09	4/24/2002
845.00	0	7.62	11.9	4/24/2002
845.00	0	9.15	11.74	4/24/2002
846.00	0	0.19	13.01	4/25/2002
846.00	0	1.57	12.3	4/25/2002
846.00	0	3.09	12	4/25/2002
846.00	0	4.61	12.42	4/25/2002
846.00	0	6.14	12.23	4/25/2002
846.00	0	7.66	12.41	4/25/2002
846.00	0	9.19	12.19	4/25/2002
846.00	0	10.71	12.23	4/25/2002
846.00	0	0.15	13.43	4/25/2002
846.00	0	1.53	13.02	4/25/2002
846.00	0	3.05	12.27	4/25/2002
846.00	0	4.57	11.99	4/25/2002
846.00	0	6.1	12.09	4/25/2002
846.00	0	7.62	12.06	4/25/2002
846.00	0	9.15	11.89	4/25/2002
847.00	0	0.19	13.32	4/26/2002
847.00	0	1.56	12.77	4/26/2002
847.00	0	3.08	12.31	4/26/2002
847.00	0	4.6	12.73	4/26/2002
847.00	0	6.13	12.54	4/26/2002
847.00	0	7.65	12.56	4/26/2002
847.00	0	9.18	12.51	4/26/2002
847.00	0	10.7	12.7	4/26/2002
847.00	0	0.15	13.27	4/26/2002
847.00	0	1.52	12.86	4/26/2002
847.00	0	3.04	12.73	4/26/2002
847.00	0	4.57	12.3	4/26/2002
847.00	0	6.09	12.4	4/26/2002
847.00	0	7.62	12.37	4/26/2002
847.00	0	9.14	12.21	4/26/2002
848.00	0	0.15	11.76	4/27/2002
848.00	0	1.53	11.83	4/27/2002
848.00	0	3.05	11.53	4/27/2002
848.00	0	4.57	11.79	4/27/2002
848.00	0	6.1	11.76	4/27/2002
848.00	0	7.62	11.79	4/27/2002
848.00	0	9.15	11.73	4/27/2002
848.00	0	10.67	11.77	4/27/2002
848.00	0	0.15	11.88	4/27/2002
848.00	0	1.52	11.78	4/27/2002
848.00	0	3.05	11.8	4/27/2002
848.00	0	4.57	11.53	4/27/2002
848.00	0	6.09	11.78	4/27/2002
848.00	0	7.62	11.74	4/27/2002
848.00	0	9.14	11.58	4/27/2002
849.00	0	0.19	11.92	4/28/2002
849.00	0	1.56	11.52	4/28/2002
849.00	0	3.08	11.38	4/28/2002
849.00	0	4.61	11.64	4/28/2002
849.00	0	6.13	11.45	4/28/2002
849.00	0	7.66	11.63	4/28/2002
849.00	0	9.18	11.58	4/28/2002
849.00	0	10.7	11.62	4/28/2002
849.00	0	0.16	12.03	4/28/2002
849.00	0	1.53	11.78	4/28/2002
849.00	0	3.05	11.8	4/28/2002
849.00	0	4.58	11.53	4/28/2002
849.00	0	6.1	11.62	4/28/2002
849.00	0	7.62	11.59	4/28/2002
849.00	0	9.15	11.43	4/28/2002
850.00	0	0.2	12.38	4/29/2002
850.00	0	1.57	12.46	4/29/2002
850.00	0	3.09	12	4/29/2002
850.00	0	4.62	12.11	4/29/2002
850.00	0	6.14	12.07	4/29/2002
850.00	0	7.67	12.1	4/29/2002
850.00	0	9.19	12.04	4/29/2002
850.00	0	10.71	12.23	4/29/2002
850.00	0	0.15	12.49	4/29/2002
850.00	0	1.52	12.39	4/29/2002
850.00	0	3.05	12.27	4/29/2002
850.00	0	4.57	11.99	4/29/2002
850.00	0	6.09	11.93	4/29/2002
850.00	0	7.62	11.74	4/29/2002
850.00	0	9.14	11.58	4/29/2002
851.00	0	0.22	12.23	4/30/2002
851.00	0	1.59	11.99	4/30/2002
851.00	0	3.11	11.69	4/30/2002
851.00	0	4.64	11.95	4/30/2002
851.00	0	6.16	11.92	4/30/2002
851.00	0	7.69	11.94	4/30/2002
851.00	0	9.21	11.88	4/30/2002
851.00	0	10.73	12.08	4/30/2002
851.00	0	0.16	12.49	4/30/2002
851.00	0	1.53	12.08	4/30/2002
851.00	0	3.05	11.96	4/30/2002
851.00	0	4.57	11.68	4/30/2002
851.00	0	6.1	11.78	4/30/2002
851.00	0	7.62	11.74	4/30/2002
851.00	0	9.15	11.74	4/30/2002
852.00	0	0.22	13.62	5/1/2002
852.00	0	1.59	12.3	5/1/2002
852.00	0	3.12	12	5/1/2002
852.00	0	4.64	12.26	5/1/2002
852.00	0	6.17	12.07	5/1/2002
852.00	0	7.69	12.1	5/1/2002
852.00	0	9.21	12.04	5/1/2002
852.00	0	10.74	12.08	5/1/2002
852.00	0	0.16	12.49	5/1/2002
852.00	0	1.53	12.39	5/1/2002
852.00	0	3.05	12.27	5/1/2002
852.00	0	4.57	11.99	5/1/2002
852.00	0	6.1	12.24	5/1/2002
852.00	0	7.62	12.21	5/1/2002
852.00	0	9.15	12.05	5/1/2002
853.00	0	0.2	12.69	5/2/2002
853.00	0	1.58	12.61	5/2/2002
853.00	0	3.1	12	5/2/2002
853.00	0	4.62	12.42	5/2/2002
853.00	0	6.15	12.38	5/2/2002
853.00	0	7.67	12.56	5/2/2002
853.00	0	9.2	12.51	5/2/2002
853.00	0	10.72	12.39	5/2/2002
853.00	0	0.15	13.43	5/2/2002
853.00	0	1.52	12.71	5/2/2002
853.00	0	3.04	12.73	5/2/2002
853.00	0	4.57	12.14	5/2/2002
853.00	0	6.09	12.09	5/2/2002
853.00	0	7.62	12.06	5/2/2002
853.00	0	9.14	11.89	5/2/2002
854.00	0	0.21	13.01	5/3/2002
854.00	0	1.58	12.92	5/3/2002
854.00	0	3.11	12.47	5/3/2002
854.00	0	4.63	12.73	5/3/2002
854.00	0	6.15	12.85	5/3/2002
854.00	0	7.68	13.03	5/3/2002
854.00	0	9.2	12.82	5/3/2002
854.00	0	10.73	13.01	5/3/2002
854.00	0	0.15	13.43	5/3/2002
854.00	0	1.52	13.17	5/3/2002
854.00	0	3.05	12.73	5/3/2002
854.00	0	4.57	12.46	5/3/2002
854.00	0	6.09	12.4	5/3/2002
854.00	0	7.62	12.37	5/3/2002
854.00	0	9.14	12.36	5/3/2002
855.00	0	0.22	13.47	5/4/2002
855.00	0	1.59	12.77	5/4/2002
855.00	0	3.11	12	5/4/2002
855.00	0	4.64	12.11	5/4/2002
855.00	0	6.16	11.92	5/4/2002
855.00	0	7.68	12.1	5/4/2002
855.00	0	9.21	11.88	5/4/2002
855.00	0	10.73	12.08	5/4/2002
855.00	0	0.15	13.73	5/4/2002
855.00	0	1.52	13.02	5/4/2002
855.00	0	3.05	12.42	5/4/2002
855.00	0	4.57	11.99	5/4/2002
855.00	0	6.09	12.09	5/4/2002
855.00	0	7.62	12.06	5/4/2002
855.00	0	9.14	11.89	5/4/2002
856.00	0	0.18	14.71	5/5/2002
856.00	0	1.55	12.77	5/5/2002
856.00	0	3.07	12.62	5/5/2002
856.00	0	4.6	12.57	5/5/2002
856.00	0	6.12	12.38	5/5/2002
856.00	0	7.64	12.41	5/5/2002
856.00	0	9.17	12.35	5/5/2002
856.00	0	10.69	12.39	5/5/2002
856.00	0	0.16	14.67	5/5/2002
856.00	0	1.53	13.17	5/5/2002
856.00	0	3.05	12.58	5/5/2002
856.00	0	4.57	12.3	5/5/2002
856.00	0	6.1	12.4	5/5/2002
856.00	0	7.62	12.37	5/5/2002
856.00	0	9.15	12.21	5/5/2002
857.00	0	0.14	14.55	5/6/2002
857.00	0	1.52	12.92	5/6/2002
857.00	0	3.04	12.62	5/6/2002
857.00	0	4.56	12.73	5/6/2002
857.00	0	6.09	12.69	5/6/2002
857.00	0	7.61	12.72	5/6/2002
857.00	0	9.14	12.66	5/6/2002
857.00	0	10.66	12.7	5/6/2002
857.00	0	0.15	13.73	5/6/2002
857.00	0	1.53	13.17	5/6/2002
857.00	0	3.05	13.04	5/6/2002
857.00	0	4.57	12.61	5/6/2002
857.00	0	6.1	12.56	5/6/2002
857.00	0	7.62	12.52	5/6/2002
857.00	0	9.15	12.36	5/6/2002
858.00	0	0.13	14.87	5/7/2002
858.00	0	1.5	13.39	5/7/2002
858.00	0	3.02	12.78	5/7/2002
858.00	0	4.55	12.88	5/7/2002
858.00	0	6.07	12.69	5/7/2002
858.00	0	7.6	12.72	5/7/2002
858.00	0	9.12	12.66	5/7/2002
858.00	0	10.64	12.7	5/7/2002
858.00	0	0.15	14.83	5/7/2002
858.00	0	1.53	13.94	5/7/2002
858.00	0	3.05	13.35	5/7/2002
858.00	0	4.57	12.61	5/7/2002
858.00	0	6.1	12.71	5/7/2002
858.00	0	7.62	12.68	5/7/2002
858.00	0	9.15	12.52	5/7/2002
859.00	0	0.15	14.39	5/8/2002
859.00	0	1.52	12.92	5/8/2002
859.00	0	3.04	12.62	5/8/2002
859.00	0	4.57	12.73	5/8/2002
859.00	0	6.09	12.69	5/8/2002
859.00	0	7.62	12.72	5/8/2002
859.00	0	9.14	12.66	5/8/2002
859.00	0	10.66	12.7	5/8/2002
859.00	0	0.16	14.67	5/8/2002
859.00	0	1.53	13.02	5/8/2002
859.00	0	3.05	12.89	5/8/2002
859.00	0	4.58	12.61	5/8/2002
859.00	0	6.1	12.71	5/8/2002
859.00	0	7.62	12.68	5/8/2002
859.00	0	9.15	12.52	5/8/2002
860.00	0	0.27	13.93	5/9/2002
860.00	0	1.64	13.39	5/9/2002
860.00	0	3.16	12.93	5/9/2002
860.00	0	4.68	13.04	5/9/2002
860.00	0	6.21	12.85	5/9/2002
860.00	0	7.73	13.03	5/9/2002
860.00	0	9.26	12.82	5/9/2002
860.00	0	10.78	13.01	5/9/2002
860.00	0	0.15	14.36	5/9/2002
860.00	0	1.52	13.32	5/9/2002
860.00	0	3.05	12.89	5/9/2002
860.00	0	4.57	12.61	5/9/2002
860.00	0	6.1	12.71	5/9/2002
860.00	0	7.62	12.68	5/9/2002
860.00	0	9.14	12.67	5/9/2002
861.00	0	0.25	13.93	5/10/2002
861.00	0	1.63	13.08	5/10/2002
861.00	0	3.15	12.78	5/10/2002
861.00	0	4.67	13.04	5/10/2002
861.00	0	6.2	12.85	5/10/2002
861.00	0	7.72	13.03	5/10/2002
861.00	0	9.25	12.82	5/10/2002
861.00	0	10.77	12.86	5/10/2002
861.00	0	0.15	14.36	5/10/2002
861.00	0	1.52	13.63	5/10/2002
861.00	0	3.04	13.35	5/10/2002
861.00	0	4.57	12.92	5/10/2002
861.00	0	6.09	12.87	5/10/2002
861.00	0	7.62	12.83	5/10/2002
861.00	0	9.14	12.83	5/10/2002
862.00	0	0.22	14.39	5/11/2002
862.00	0	1.59	12.92	5/11/2002
862.00	0	3.11	12.47	5/11/2002
862.00	0	4.64	12.88	5/11/2002
862.00	0	6.16	12.69	5/11/2002
862.00	0	7.68	12.87	5/11/2002
862.00	0	9.21	12.66	5/11/2002
862.00	0	10.73	12.86	5/11/2002
862.00	0	0.15	14.83	5/11/2002
862.00	0	1.52	13.02	5/11/2002
862.00	0	3.05	12.73	5/11/2002
862.00	0	4.57	12.46	5/11/2002
862.00	0	6.1	12.71	5/11/2002
862.00	0	7.62	12.68	5/11/2002
862.00	0	9.14	12.52	5/11/2002
863.00	0	0.1	14.24	5/12/2002
863.00	0	1.48	13.39	5/12/2002
863.00	0	3	12.93	5/12/2002
863.00	0	4.52	13.19	5/12/2002
863.00	0	6.05	13.01	5/12/2002
863.00	0	7.57	13.03	5/12/2002
863.00	0	9.1	12.97	5/12/2002
863.00	0	10.62	13.01	5/12/2002
863.00	0	0.16	14.83	5/12/2002
863.00	0	1.53	13.94	5/12/2002
863.00	0	3.05	13.35	5/12/2002
863.00	0	4.58	13.08	5/12/2002
863.00	0	6.1	13.02	5/12/2002
863.00	0	7.62	12.99	5/12/2002
863.00	0	9.15	12.67	5/12/2002
864.00	0	0.21	14.24	5/13/2002
864.00	0	1.58	13.39	5/13/2002
864.00	0	3.11	13.09	5/13/2002
864.00	0	4.63	13.34	5/13/2002
864.00	0	6.16	13.01	5/13/2002
864.00	0	7.68	13.18	5/13/2002
864.00	0	9.2	13.12	5/13/2002
864.00	0	10.73	13.16	5/13/2002
864.00	0	0.16	14.51	5/13/2002
864.00	0	1.53	13.48	5/13/2002
864.00	0	3.05	13.35	5/13/2002
864.00	0	4.58	13.08	5/13/2002
864.00	0	6.1	13.18	5/13/2002
864.00	0	7.62	12.99	5/13/2002
864.00	0	9.15	12.98	5/13/2002
865.00	0	0.14	15.18	5/14/2002
865.00	0	1.51	13.69	5/14/2002
865.00	0	3.04	13.24	5/14/2002
865.00	0	4.56	13.34	5/14/2002
865.00	0	6.08	13.16	5/14/2002
865.00	0	7.61	13.18	5/14/2002
865.00	0	9.13	13.12	5/14/2002
865.00	0	10.66	13.16	5/14/2002
865.00	0	0.15	15.14	5/14/2002
865.00	0	1.52	13.94	5/14/2002
865.00	0	3.04	13.51	5/14/2002
865.00	0	4.57	13.08	5/14/2002
865.00	0	6.09	13.18	5/14/2002
865.00	0	7.62	13.14	5/14/2002
865.00	0	9.14	12.98	5/14/2002
866.00	0	0.14	15.82	5/15/2002
866.00	0	1.51	13.54	5/15/2002
866.00	0	3.04	12.93	5/15/2002
866.00	0	4.56	13.04	5/15/2002
866.00	0	6.08	13.01	5/15/2002
866.00	0	7.61	13.18	5/15/2002
866.00	0	9.13	12.97	5/15/2002
866.00	0	10.66	13.01	5/15/2002
866.00	0	0.16	15.14	5/15/2002
866.00	0	1.53	13.78	5/15/2002
866.00	0	3.05	13.66	5/15/2002
866.00	0	4.58	12.92	5/15/2002
866.00	0	6.1	12.87	5/15/2002
866.00	0	7.62	12.83	5/15/2002
866.00	0	9.15	12.83	5/15/2002
867.00	0	0.12	15.18	5/16/2002
867.00	0	1.49	13.69	5/16/2002
867.00	0	3.02	13.09	5/16/2002
867.00	0	4.54	13.04	5/16/2002
867.00	0	6.06	12.85	5/16/2002
867.00	0	7.59	13.03	5/16/2002
867.00	0	9.11	12.82	5/16/2002
867.00	0	10.64	13.01	5/16/2002
867.00	0	0.15	15.46	5/16/2002
867.00	0	1.52	13.63	5/16/2002
867.00	0	3.05	13.35	5/16/2002
867.00	0	4.57	12.92	5/16/2002
867.00	0	6.09	12.87	5/16/2002
867.00	0	7.62	12.99	5/16/2002
867.00	0	9.14	12.83	5/16/2002
868.00	0	0.15	16.45	5/17/2002
868.00	0	1.52	13.84	5/17/2002
868.00	0	3.05	13.09	5/17/2002
868.00	0	4.57	13.34	5/17/2002
868.00	0	6.09	13.32	5/17/2002
868.00	0	7.62	13.33	5/17/2002
868.00	0	9.14	13.28	5/17/2002
868.00	0	10.67	13.32	5/17/2002
868.00	0	0.16	15.93	5/17/2002
868.00	0	1.53	14.09	5/17/2002
868.00	0	3.05	13.66	5/17/2002
868.00	0	4.58	13.23	5/17/2002
868.00	0	6.1	13.33	5/17/2002
868.00	0	7.62	13.29	5/17/2002
868.00	0	9.15	13.14	5/17/2002
869.00	0	0.23	15.97	5/18/2002
869.00	0	1.6	14.16	5/18/2002
869.00	0	3.13	13.09	5/18/2002
869.00	0	4.65	13.34	5/18/2002
869.00	0	6.17	13.16	5/18/2002
869.00	0	7.7	13.18	5/18/2002
869.00	0	9.22	13.12	5/18/2002
869.00	0	10.75	13.16	5/18/2002
869.00	0	0.15	14.98	5/18/2002
869.00	0	1.53	14.09	5/18/2002
869.00	0	3.05	13.35	5/18/2002
869.00	0	4.57	13.08	5/18/2002
869.00	0	6.1	13.02	5/18/2002
869.00	0	7.62	13.14	5/18/2002
869.00	0	9.15	12.98	5/18/2002
870.00	0	0.21	14.39	5/19/2002
870.00	0	1.58	13.69	5/19/2002
870.00	0	3.1	13.24	5/19/2002
870.00	0	4.63	13.34	5/19/2002
870.00	0	6.15	13.32	5/19/2002
870.00	0	7.67	13.33	5/19/2002
870.00	0	9.2	13.28	5/19/2002
870.00	0	10.72	13.32	5/19/2002
870.00	0	0.15	14.98	5/19/2002
870.00	0	1.52	13.78	5/19/2002
870.00	0	3.04	13.51	5/19/2002
870.00	0	4.57	13.08	5/19/2002
870.00	0	6.09	13.33	5/19/2002
870.00	0	7.62	13.29	5/19/2002
870.00	0	9.14	13.14	5/19/2002
871.00	0	0.17	14.24	5/20/2002
871.00	0	1.54	13.39	5/20/2002
871.00	0	3.06	12.78	5/20/2002
871.00	0	4.59	13.04	5/20/2002
871.00	0	6.11	12.85	5/20/2002
871.00	0	7.64	13.03	5/20/2002
871.00	0	9.16	12.82	5/20/2002
871.00	0	10.68	13.01	5/20/2002
871.00	0	0.15	14.51	5/20/2002
871.00	0	1.53	13.78	5/20/2002
871.00	0	3.05	13.35	5/20/2002
871.00	0	4.57	12.92	5/20/2002
871.00	0	6.1	12.87	5/20/2002
871.00	0	7.62	12.83	5/20/2002
871.00	0	9.15	12.83	5/20/2002
872.00	0	0.22	13.32	5/21/2002
872.00	0	1.59	13.08	5/21/2002
872.00	0	3.12	12.78	5/21/2002
872.00	0	4.64	13.04	5/21/2002
872.00	0	6.16	13.01	5/21/2002
872.00	0	7.69	13.03	5/21/2002
872.00	0	9.21	12.97	5/21/2002
872.00	0	10.74	13.01	5/21/2002
872.00	0	0.16	13.27	5/21/2002
872.00	0	1.53	13.02	5/21/2002
872.00	0	3.05	13.04	5/21/2002
872.00	0	4.58	12.92	5/21/2002
872.00	0	6.1	13.02	5/21/2002
872.00	0	7.62	12.99	5/21/2002
872.00	0	9.15	12.83	5/21/2002
873.00	0	0.22	13.77	5/22/2002
873.00	0	1.59	13.39	5/22/2002
873.00	0	3.12	13.09	5/22/2002
873.00	0	4.64	13.34	5/22/2002
873.00	0	6.17	13.32	5/22/2002
873.00	0	7.69	13.49	5/22/2002
873.00	0	9.21	13.43	5/22/2002
873.00	0	10.74	13.47	5/22/2002
873.00	0	0.15	14.36	5/22/2002
873.00	0	1.52	13.94	5/22/2002
873.00	0	3.05	13.35	5/22/2002
873.00	0	4.57	13.08	5/22/2002
873.00	0	6.1	13.02	5/22/2002
873.00	0	7.62	12.99	5/22/2002
873.00	0	9.14	12.98	5/22/2002
874.00	0	0.21	15.66	5/23/2002
874.00	0	1.59	14	5/23/2002
874.00	0	3.11	13.4	5/23/2002
874.00	0	4.63	13.65	5/23/2002
874.00	0	6.16	13.62	5/23/2002
874.00	0	7.68	13.64	5/23/2002
874.00	0	9.21	13.59	5/23/2002
874.00	0	10.73	13.78	5/23/2002
874.00	0	0.15	15.93	5/23/2002
874.00	0	1.52	14.09	5/23/2002
874.00	0	3.05	13.81	5/23/2002
874.00	0	4.57	13.38	5/23/2002
874.00	0	6.1	13.33	5/23/2002
874.00	0	7.62	13.29	5/23/2002
874.00	0	9.14	13.29	5/23/2002
875.00	0	0.16	15.18	5/24/2002
875.00	0	1.53	13.84	5/24/2002
875.00	0	3.06	13.4	5/24/2002
875.00	0	4.58	13.5	5/24/2002
875.00	0	6.11	13.32	5/24/2002
875.00	0	7.63	13.49	5/24/2002
875.00	0	9.15	13.28	5/24/2002
875.00	0	10.68	13.47	5/24/2002
875.00	0	0.15	14.83	5/24/2002
875.00	0	1.52	14.25	5/24/2002
875.00	0	3.05	13.81	5/24/2002
875.00	0	4.57	13.38	5/24/2002
875.00	0	6.09	13.48	5/24/2002
875.00	0	7.62	13.45	5/24/2002
875.00	0	9.14	13.29	5/24/2002
876.00	0	0.05	16.29	5/25/2002
876.00	0	1.42	14	5/25/2002
876.00	0	2.95	13.4	5/25/2002
876.00	0	4.47	13.65	5/25/2002
876.00	0	5.99	13.47	5/25/2002
876.00	0	7.52	13.64	5/25/2002
876.00	0	9.04	13.43	5/25/2002
876.00	0	10.57	13.63	5/25/2002
876.00	0	0.15	15.14	5/25/2002
876.00	0	1.52	14.25	5/25/2002
876.00	0	3.05	13.97	5/25/2002
876.00	0	4.57	13.69	5/25/2002
876.00	0	6.09	13.64	5/25/2002
876.00	0	7.62	13.61	5/25/2002
876.00	0	9.14	13.44	5/25/2002
877.00	0	0.17	16.29	5/26/2002
877.00	0	1.54	14	5/26/2002
877.00	0	3.06	13.55	5/26/2002
877.00	0	4.59	13.65	5/26/2002
877.00	0	6.11	13.47	5/26/2002
877.00	0	7.64	13.49	5/26/2002
877.00	0	9.16	13.43	5/26/2002
877.00	0	10.68	13.47	5/26/2002
877.00	0	0.16	15.14	5/26/2002
877.00	0	1.53	14.41	5/26/2002
877.00	0	3.05	13.81	5/26/2002
877.00	0	4.58	13.54	5/26/2002
877.00	0	6.1	13.64	5/26/2002
877.00	0	7.62	13.61	5/26/2002
877.00	0	9.15	13.44	5/26/2002
878.00	0	0.27	16.45	5/27/2002
878.00	0	1.64	14	5/27/2002
878.00	0	3.17	13.4	5/27/2002
878.00	0	4.69	13.65	5/27/2002
878.00	0	6.22	13.47	5/27/2002
878.00	0	7.74	13.64	5/27/2002
878.00	0	9.26	13.43	5/27/2002
878.00	0	10.79	13.47	5/27/2002
878.00	0	0.15	15.77	5/27/2002
878.00	0	1.52	14.72	5/27/2002
878.00	0	3.05	13.97	5/27/2002
878.00	0	4.57	13.38	5/27/2002
878.00	0	6.1	13.64	5/27/2002
878.00	0	7.62	13.61	5/27/2002
878.00	0	9.14	13.44	5/27/2002
879.00	0	0.03	15.82	5/28/2002
879.00	0	1.4	14.16	5/28/2002
879.00	0	2.93	13.71	5/28/2002
879.00	0	4.45	13.81	5/28/2002
879.00	0	5.97	13.62	5/28/2002
879.00	0	7.5	13.79	5/28/2002
879.00	0	9.02	13.74	5/28/2002
879.00	0	10.55	13.78	5/28/2002
879.00	0	0.15	15.3	5/28/2002
879.00	0	1.52	14.25	5/28/2002
879.00	0	3.05	14.12	5/28/2002
879.00	0	4.57	13.69	5/28/2002
879.00	0	6.1	13.79	5/28/2002
879.00	0	7.62	13.76	5/28/2002
879.00	0	9.14	13.6	5/28/2002
880.00	0	0.2	17.57	5/29/2002
880.00	0	1.58	14.16	5/29/2002
880.00	0	3.1	13.55	5/29/2002
880.00	0	4.62	13.65	5/29/2002
880.00	0	6.15	13.47	5/29/2002
880.00	0	7.67	13.49	5/29/2002
880.00	0	9.2	13.43	5/29/2002
880.00	0	10.72	13.47	5/29/2002
880.00	0	0.15	15.62	5/29/2002
880.00	0	1.53	14.56	5/29/2002
880.00	0	3.05	14.12	5/29/2002
880.00	0	4.57	13.54	5/29/2002
880.00	0	6.1	13.64	5/29/2002
880.00	0	7.62	13.61	5/29/2002
880.00	0	9.15	13.44	5/29/2002
881.00	0	0.23	16.45	5/30/2002
881.00	0	1.6	14.16	5/30/2002
881.00	0	3.12	13.71	5/30/2002
881.00	0	4.65	13.81	5/30/2002
881.00	0	6.17	13.62	5/30/2002
881.00	0	7.69	13.79	5/30/2002
881.00	0	9.22	13.59	5/30/2002
881.00	0	10.74	13.63	5/30/2002
881.00	0	0.15	15.62	5/30/2002
881.00	0	1.52	14.41	5/30/2002
881.00	0	3.05	14.12	5/30/2002
881.00	0	4.57	13.69	5/30/2002
881.00	0	6.09	13.64	5/30/2002
881.00	0	7.62	13.61	5/30/2002
881.00	0	9.14	13.6	5/30/2002
882.00	0	0.15	14.55	5/31/2002
882.00	0	1.53	14.16	5/31/2002
882.00	0	3.05	13.71	5/31/2002
882.00	0	4.57	13.81	5/31/2002
882.00	0	6.1	13.62	5/31/2002
882.00	0	7.62	13.79	5/31/2002
882.00	0	9.15	13.59	5/31/2002
882.00	0	10.67	13.78	5/31/2002
882.00	0	0.15	14.98	5/31/2002
882.00	0	1.52	14.09	5/31/2002
882.00	0	3.04	14.12	5/31/2002
882.00	0	4.57	13.69	5/31/2002
882.00	0	6.09	13.64	5/31/2002
882.00	0	7.62	13.76	5/31/2002
882.00	0	9.14	13.6	5/31/2002
883.00	0	0.21	15.66	6/1/2002
883.00	0	1.58	14.31	6/1/2002
883.00	0	3.11	13.55	6/1/2002
883.00	0	4.63	13.65	6/1/2002
883.00	0	6.16	13.47	6/1/2002
883.00	0	7.68	13.64	6/1/2002
883.00	0	9.2	13.43	6/1/2002
883.00	0	10.73	13.63	6/1/2002
883.00	0	0.15	14.98	6/1/2002
883.00	0	1.52	14.09	6/1/2002
883.00	0	3.04	14.12	6/1/2002
883.00	0	4.57	13.54	6/1/2002
883.00	0	6.09	13.64	6/1/2002
883.00	0	7.62	13.61	6/1/2002
883.00	0	9.14	13.44	6/1/2002
884.00	0	0.22	17.25	6/2/2002
884.00	0	1.59	15.41	6/2/2002
884.00	0	3.12	14.01	6/2/2002
884.00	0	4.64	14.11	6/2/2002
884.00	0	6.16	13.93	6/2/2002
884.00	0	7.69	14.11	6/2/2002
884.00	0	9.21	14.05	6/2/2002
884.00	0	10.74	14.09	6/2/2002
884.00	0	0.15	16.57	6/2/2002
884.00	0	1.52	15.51	6/2/2002
884.00	0	3.04	14.59	6/2/2002
884.00	0	4.57	14	6/2/2002
884.00	0	6.09	14.1	6/2/2002
884.00	0	7.62	14.07	6/2/2002
884.00	0	9.14	13.91	6/2/2002
885.00	0	0.22	17.57	6/3/2002
885.00	0	1.59	14.62	6/3/2002
885.00	0	3.11	14.01	6/3/2002
885.00	0	4.63	13.96	6/3/2002
885.00	0	6.16	13.93	6/3/2002
885.00	0	7.68	13.95	6/3/2002
885.00	0	9.21	13.89	6/3/2002
885.00	0	10.73	13.93	6/3/2002
885.00	0	0.15	16.41	6/3/2002
885.00	0	1.52	14.88	6/3/2002
885.00	0	3.05	14.28	6/3/2002
885.00	0	4.57	13.84	6/3/2002
885.00	0	6.09	13.94	6/3/2002
885.00	0	7.62	13.91	6/3/2002
885.00	0	9.14	13.75	6/3/2002
886.00	0	0.26	16.45	6/4/2002
886.00	0	1.63	14.31	6/4/2002
886.00	0	3.16	13.86	6/4/2002
886.00	0	4.68	13.96	6/4/2002
886.00	0	6.2	13.93	6/4/2002
886.00	0	7.73	13.95	6/4/2002
886.00	0	9.25	13.89	6/4/2002
886.00	0	10.78	13.93	6/4/2002
886.00	0	0.15	15.46	6/4/2002
886.00	0	1.53	14.56	6/4/2002
886.00	0	3.05	14.12	6/4/2002
886.00	0	4.57	13.84	6/4/2002
886.00	0	6.1	13.94	6/4/2002
886.00	0	7.62	13.91	6/4/2002
886.00	0	9.15	13.91	6/4/2002
887.00	0	0.22	17.41	6/5/2002
887.00	0	1.59	14.31	6/5/2002
887.00	0	3.11	13.86	6/5/2002
887.00	0	4.64	14.11	6/5/2002
887.00	0	6.16	13.93	6/5/2002
887.00	0	7.68	14.11	6/5/2002
887.00	0	9.21	13.89	6/5/2002
887.00	0	10.73	14.09	6/5/2002
887.00	0	0.15	15.93	6/5/2002
887.00	0	1.52	14.56	6/5/2002
887.00	0	3.04	14.43	6/5/2002
887.00	0	4.57	13.84	6/5/2002
887.00	0	6.09	13.94	6/5/2002
887.00	0	7.62	14.07	6/5/2002
887.00	0	9.14	13.91	6/5/2002
888.00	0	0.24	18.05	6/6/2002
888.00	0	1.61	14.47	6/6/2002
888.00	0	3.13	13.86	6/6/2002
888.00	0	4.66	14.11	6/6/2002
888.00	0	6.18	13.93	6/6/2002
888.00	0	7.7	14.11	6/6/2002
888.00	0	9.23	14.05	6/6/2002
888.00	0	10.75	14.09	6/6/2002
888.00	0	0.15	15.3	6/6/2002
888.00	0	1.52	14.41	6/6/2002
888.00	0	3.05	14.28	6/6/2002
888.00	0	4.57	13.84	6/6/2002
888.00	0	6.1	13.94	6/6/2002
888.00	0	7.62	14.07	6/6/2002
888.00	0	9.14	13.91	6/6/2002
889.00	0	0.23	15.34	6/7/2002
889.00	0	1.6	14.31	6/7/2002
889.00	0	3.13	13.86	6/7/2002
889.00	0	4.65	14.11	6/7/2002
889.00	0	6.18	13.93	6/7/2002
889.00	0	7.7	14.11	6/7/2002
889.00	0	9.22	13.89	6/7/2002
889.00	0	10.75	13.93	6/7/2002
889.00	0	0.15	15.46	6/7/2002
889.00	0	1.53	14.41	6/7/2002
889.00	0	3.05	14.28	6/7/2002
889.00	0	4.57	14	6/7/2002
889.00	0	6.1	13.94	6/7/2002
889.00	0	7.62	13.91	6/7/2002
889.00	0	9.15	13.91	6/7/2002
890.00	0	0.24	17.89	6/8/2002
890.00	0	1.61	14.62	6/8/2002
890.00	0	3.13	14.17	6/8/2002
890.00	0	4.66	14.27	6/8/2002
890.00	0	6.18	14.08	6/8/2002
890.00	0	7.7	14.26	6/8/2002
890.00	0	9.23	14.05	6/8/2002
890.00	0	10.75	14.24	6/8/2002
890.00	0	0.16	18.17	6/8/2002
890.00	0	1.53	14.88	6/8/2002
890.00	0	3.05	14.59	6/8/2002
890.00	0	4.58	14.31	6/8/2002
890.00	0	6.1	14.26	6/8/2002
890.00	0	7.62	14.07	6/8/2002
890.00	0	9.15	14.06	6/8/2002
891.00	0	0.22	16.29	6/9/2002
891.00	0	1.59	15.57	6/9/2002
891.00	0	3.11	14.48	6/9/2002
891.00	0	4.64	14.58	6/9/2002
891.00	0	6.16	14.71	6/9/2002
891.00	0	7.68	14.89	6/9/2002
891.00	0	9.21	14.67	6/9/2002
891.00	0	10.73	14.71	6/9/2002
891.00	0	0.15	16.57	6/9/2002
891.00	0	1.52	16.46	6/9/2002
891.00	0	3.04	16.49	6/9/2002
891.00	0	4.57	14.62	6/9/2002
891.00	0	6.09	14.72	6/9/2002
891.00	0	7.62	14.53	6/9/2002
891.00	0	9.14	14.37	6/9/2002
892.00	0	0.23	15.97	6/10/2002
892.00	0	1.6	14.94	6/10/2002
892.00	0	3.12	14.32	6/10/2002
892.00	0	4.65	14.58	6/10/2002
892.00	0	6.17	14.55	6/10/2002
892.00	0	7.69	14.57	6/10/2002
892.00	0	9.22	14.52	6/10/2002
892.00	0	10.74	14.56	6/10/2002
892.00	0	0.16	16.09	6/10/2002
892.00	0	1.53	15.83	6/10/2002
892.00	0	3.05	14.59	6/10/2002
892.00	0	4.58	14.31	6/10/2002
892.00	0	6.1	14.41	6/10/2002
892.00	0	7.62	14.38	6/10/2002
892.00	0	9.15	14.37	6/10/2002
893.00	0	0.15	17.57	6/11/2002
893.00	0	1.52	14.94	6/11/2002
893.00	0	3.05	14.63	6/11/2002
893.00	0	4.57	14.73	6/11/2002
893.00	0	6.09	14.71	6/11/2002
893.00	0	7.62	14.73	6/11/2002
893.00	0	9.14	14.67	6/11/2002
893.00	0	10.67	14.71	6/11/2002
893.00	0	0.15	16.41	6/11/2002
893.00	0	1.53	15.35	6/11/2002
893.00	0	3.05	15.07	6/11/2002
893.00	0	4.57	14.78	6/11/2002
893.00	0	6.1	14.72	6/11/2002
893.00	0	7.62	14.69	6/11/2002
893.00	0	9.15	14.68	6/11/2002
894.00	0	0.21	17.09	6/12/2002
894.00	0	1.58	14.94	6/12/2002
894.00	0	3.1	14.48	6/12/2002
894.00	0	4.63	14.58	6/12/2002
894.00	0	6.15	14.39	6/12/2002
894.00	0	7.68	14.42	6/12/2002
894.00	0	9.2	14.36	6/12/2002
894.00	0	10.72	14.4	6/12/2002
894.00	0	0.15	15.77	6/12/2002
894.00	0	1.52	15.19	6/12/2002
894.00	0	3.05	14.75	6/12/2002
894.00	0	4.57	14.47	6/12/2002
894.00	0	6.09	14.57	6/12/2002
894.00	0	7.62	14.53	6/12/2002
894.00	0	9.14	14.37	6/12/2002
895.00	0	0.2	17.41	6/13/2002
895.00	0	1.57	15.26	6/13/2002
895.00	0	3.09	14.48	6/13/2002
895.00	0	4.62	14.73	6/13/2002
895.00	0	6.14	14.55	6/13/2002
895.00	0	7.67	14.57	6/13/2002
895.00	0	9.19	14.52	6/13/2002
895.00	0	10.71	14.56	6/13/2002
895.00	0	0.15	17.37	6/13/2002
895.00	0	1.52	15.83	6/13/2002
895.00	0	3.05	14.91	6/13/2002
895.00	0	4.57	14.62	6/13/2002
895.00	0	6.09	14.57	6/13/2002
895.00	0	7.62	14.53	6/13/2002
895.00	0	9.14	14.53	6/13/2002
896.00	0	0.19	16.45	6/14/2002
896.00	0	1.57	14.94	6/14/2002
896.00	0	3.09	14.63	6/14/2002
896.00	0	4.61	14.89	6/14/2002
896.00	0	6.14	14.71	6/14/2002
896.00	0	7.66	14.89	6/14/2002
896.00	0	9.19	14.83	6/14/2002
896.00	0	10.71	14.87	6/14/2002
896.00	0	0.15	17.04	6/14/2002
896.00	0	1.52	15.67	6/14/2002
896.00	0	3.04	15.23	6/14/2002
896.00	0	4.57	14.78	6/14/2002
896.00	0	6.09	14.72	6/14/2002
896.00	0	7.62	14.69	6/14/2002
896.00	0	9.14	14.68	6/14/2002
897.00	0	0.2	15.97	6/15/2002
897.00	0	1.57	14.94	6/15/2002
897.00	0	3.1	14.48	6/15/2002
897.00	0	4.62	14.73	6/15/2002
897.00	0	6.14	14.71	6/15/2002
897.00	0	7.67	14.73	6/15/2002
897.00	0	9.19	14.67	6/15/2002
897.00	0	10.72	14.71	6/15/2002
897.00	0	0.15	16.88	6/15/2002
897.00	0	1.52	15.98	6/15/2002
897.00	0	3.05	15.23	6/15/2002
897.00	0	4.57	14.62	6/15/2002
897.00	0	6.09	14.57	6/15/2002
897.00	0	7.62	14.53	6/15/2002
897.00	0	9.14	14.53	6/15/2002
898.00	0	0.25	17.25	6/16/2002
898.00	0	1.63	15.57	6/16/2002
898.00	0	3.15	14.95	6/16/2002
898.00	0	4.67	15.05	6/16/2002
898.00	0	6.2	14.87	6/16/2002
898.00	0	7.72	15.04	6/16/2002
898.00	0	9.25	14.83	6/16/2002
898.00	0	10.77	14.87	6/16/2002
898.00	0	0.15	16.73	6/16/2002
898.00	0	1.53	15.67	6/16/2002
898.00	0	3.05	15.23	6/16/2002
898.00	0	4.57	14.78	6/16/2002
898.00	0	6.1	14.88	6/16/2002
898.00	0	7.62	14.85	6/16/2002
898.00	0	9.15	14.68	6/16/2002
899.00	0	0.25	17.25	6/17/2002
899.00	0	1.62	15.41	6/17/2002
899.00	0	3.14	14.79	6/17/2002
899.00	0	4.67	15.05	6/17/2002
899.00	0	6.19	14.87	6/17/2002
899.00	0	7.71	15.04	6/17/2002
899.00	0	9.24	14.99	6/17/2002
899.00	0	10.76	15.03	6/17/2002
899.00	0	0.15	17.21	6/17/2002
899.00	0	1.52	16.3	6/17/2002
899.00	0	3.05	15.39	6/17/2002
899.00	0	4.57	14.94	6/17/2002
899.00	0	6.09	14.88	6/17/2002
899.00	0	7.62	14.85	6/17/2002
899.00	0	9.14	14.84	6/17/2002
900.00	0	0.25	17.41	6/18/2002
900.00	0	1.62	15.41	6/18/2002
900.00	0	3.14	14.95	6/18/2002
900.00	0	4.67	15.21	6/18/2002
900.00	0	6.19	15.02	6/18/2002
900.00	0	7.72	15.21	6/18/2002
900.00	0	9.24	14.99	6/18/2002
900.00	0	10.76	15.03	6/18/2002
900.00	0	0.15	17.04	6/18/2002
900.00	0	1.53	15.51	6/18/2002
900.00	0	3.05	15.39	6/18/2002
900.00	0	4.57	14.94	6/18/2002
900.00	0	6.1	15.04	6/18/2002
900.00	0	7.62	15.01	6/18/2002
900.00	0	9.15	15	6/18/2002
1182.00	0	0.14	12.12	3/27/2003
1182.00	0	1.51	11.36	3/27/2003
1182.00	0	3.04	11.16	3/27/2003
1182.00	0	4.56	10.96	3/27/2003
1182.00	0	6.09	10.97	3/27/2003
1182.00	0	7.61	10.94	3/27/2003
1182.00	0	9.13	10.92	3/27/2003
1183.00	0	0.15	11.5	3/28/2003
1183.00	0	1.52	10.9	3/28/2003
1183.00	0	3.04	11.03	3/28/2003
1183.00	0	4.57	11.11	3/28/2003
1183.00	0	6.09	10.97	3/28/2003
1183.00	0	7.62	11.02	3/28/2003
1183.00	0	9.14	11.07	3/28/2003
1184.00	0	0.17	11.97	3/29/2003
1184.00	0	1.54	11.52	3/29/2003
1184.00	0	3.06	11.37	3/29/2003
1184.00	0	4.59	11.27	3/29/2003
1184.00	0	6.11	11.13	3/29/2003
1184.00	0	7.64	11.14	3/29/2003
1184.00	0	9.16	11.23	3/29/2003
1185.00	0	0.17	12.58	3/30/2003
1185.00	0	1.55	11.98	3/30/2003
1185.00	0	3.07	11.55	3/30/2003
1185.00	0	4.59	11.27	3/30/2003
1185.00	0	6.12	11.13	3/30/2003
1185.00	0	7.64	11.18	3/30/2003
1185.00	0	9.17	11.23	3/30/2003
1186.00	0	0.16	13.36	3/31/2003
1186.00	0	1.54	11.21	3/31/2003
1186.00	0	3.06	11.16	3/31/2003
1186.00	0	4.58	11.11	3/31/2003
1186.00	0	6.11	10.97	3/31/2003
1186.00	0	7.63	11.02	3/31/2003
1186.00	0	9.16	11.07	3/31/2003
1187.00	0	0.16	11.66	4/1/2003
1187.00	0	1.53	11.52	4/1/2003
1187.00	0	3.05	11.34	4/1/2003
1187.00	0	4.58	11.27	4/1/2003
1187.00	0	6.1	11.13	4/1/2003
1187.00	0	7.63	11.19	4/1/2003
1187.00	0	9.15	11.38	4/1/2003
1188.00	0	0.15	11.34	4/2/2003
1188.00	0	1.52	11.21	4/2/2003
1188.00	0	3.04	11.03	4/2/2003
1188.00	0	4.57	11.11	4/2/2003
1188.00	0	6.09	10.97	4/2/2003
1188.00	0	7.62	11.1	4/2/2003
1188.00	0	9.14	11.07	4/2/2003
1189.00	0	0.2	11.19	4/3/2003
1189.00	0	1.57	11.21	4/3/2003
1189.00	0	3.09	11.09	4/3/2003
1189.00	0	4.62	10.96	4/3/2003
1189.00	0	6.14	10.97	4/3/2003
1189.00	0	7.66	11.02	4/3/2003
1189.00	0	9.19	11.07	4/3/2003
1190.00	0	0.2	11.34	4/4/2003
1190.00	0	1.57	11.52	4/4/2003
1190.00	0	3.09	11.3	4/4/2003
1190.00	0	4.62	11.11	4/4/2003
1190.00	0	6.14	11.13	4/4/2003
1190.00	0	7.66	11.18	4/4/2003
1190.00	0	9.19	11.23	4/4/2003
1191.00	0	0.24	11.81	4/5/2003
1191.00	0	1.61	11.67	4/5/2003
1191.00	0	3.13	11.54	4/5/2003
1191.00	0	4.66	11.42	4/5/2003
1191.00	0	6.18	11.28	4/5/2003
1191.00	0	7.71	11.38	4/5/2003
1191.00	0	9.23	11.38	4/5/2003
1192.00	0	0.16	12.58	4/6/2003
1192.00	0	1.53	11.98	4/6/2003
1192.00	0	3.06	11.65	4/6/2003
1192.00	0	4.58	11.57	4/6/2003
1192.00	0	6.1	11.59	4/6/2003
1192.00	0	7.63	11.58	4/6/2003
1192.00	0	9.15	11.69	4/6/2003
1193.00	0	0.19	12.89	4/7/2003
1193.00	0	1.56	12.29	4/7/2003
1193.00	0	3.08	12.08	4/7/2003
1193.00	0	4.61	11.73	4/7/2003
1193.00	0	6.13	11.59	4/7/2003
1193.00	0	7.65	11.86	4/7/2003
1193.00	0	9.18	11.69	4/7/2003
1194.00	0	0.18	13.51	4/8/2003
1194.00	0	1.55	12.44	4/8/2003
1194.00	0	3.07	12.03	4/8/2003
1194.00	0	4.6	11.88	4/8/2003
1194.00	0	6.12	11.89	4/8/2003
1194.00	0	7.65	11.95	4/8/2003
1194.00	0	9.17	12.01	4/8/2003
1195.00	0	0.15	14.44	4/9/2003
1195.00	0	1.53	12.76	4/9/2003
1195.00	0	3.05	12.16	4/9/2003
1195.00	0	4.57	12.19	4/9/2003
1195.00	0	6.1	12.05	4/9/2003
1195.00	0	7.62	11.98	4/9/2003
1195.00	0	9.15	12.16	4/9/2003
1196.00	0	0.16	13.97	4/10/2003
1196.00	0	1.53	12.6	4/10/2003
1196.00	0	3.05	12.55	4/10/2003
1196.00	0	4.58	12.34	4/10/2003
1196.00	0	6.1	12.21	4/10/2003
1196.00	0	7.63	12.26	4/10/2003
1196.00	0	9.15	12.31	4/10/2003
1197.00	0	0.14	13.82	4/11/2003
1197.00	0	1.51	13.68	4/11/2003
1197.00	0	3.04	12.94	4/11/2003
1197.00	0	4.56	12.66	4/11/2003
1197.00	0	6.08	12.52	4/11/2003
1197.00	0	7.61	12.61	4/11/2003
1197.00	0	9.13	12.62	4/11/2003
1198.00	0	0.19	13.51	4/12/2003
1198.00	0	1.56	12.76	4/12/2003
1198.00	0	3.08	12.78	4/12/2003
1198.00	0	4.61	12.19	4/12/2003
1198.00	0	6.13	12.05	4/12/2003
1198.00	0	7.66	12.11	4/12/2003
1198.00	0	9.18	12.16	4/12/2003
1199.00	0	0.22	13.05	4/13/2003
1199.00	0	1.59	12.29	4/13/2003
1199.00	0	3.12	12.08	4/13/2003
1199.00	0	4.64	11.73	4/13/2003
1199.00	0	6.17	11.89	4/13/2003
1199.00	0	7.69	11.8	4/13/2003
1199.00	0	9.21	12.01	4/13/2003
1200.00	0	0.19	12.74	4/14/2003
1200.00	0	1.56	11.98	4/14/2003
1200.00	0	3.09	12.01	4/14/2003
1200.00	0	4.61	11.73	4/14/2003
1200.00	0	6.13	11.74	4/14/2003
1200.00	0	7.66	11.95	4/14/2003
1200.00	0	9.18	11.85	4/14/2003
1201.00	0	0.19	13.36	4/15/2003
1201.00	0	1.56	12.13	4/15/2003
1201.00	0	3.08	12.47	4/15/2003
1201.00	0	4.61	11.73	4/15/2003
1201.00	0	6.13	11.74	4/15/2003
1201.00	0	7.65	11.8	4/15/2003
1201.00	0	9.18	11.85	4/15/2003
1202.00	0	0.16	13.82	4/16/2003
1202.00	0	1.53	12.44	4/16/2003
1202.00	0	3.06	12.09	4/16/2003
1202.00	0	4.58	12.03	4/16/2003
1202.00	0	6.11	12.05	4/16/2003
1202.00	0	7.63	12.11	4/16/2003
1202.00	0	9.15	12.16	4/16/2003
1203.00	0	0.16	13.36	4/17/2003
1203.00	0	1.53	12.6	4/17/2003
1203.00	0	3.05	12.16	4/17/2003
1203.00	0	4.58	12.03	4/17/2003
1203.00	0	6.1	11.89	4/17/2003
1203.00	0	7.62	11.95	4/17/2003
1203.00	0	9.15	12.01	4/17/2003
1204.00	0	0.15	13.97	4/18/2003
1204.00	0	1.52	12.13	4/18/2003
1204.00	0	3.05	12.08	4/18/2003
1204.00	0	4.57	11.88	4/18/2003
1204.00	0	6.1	11.74	4/18/2003
1204.00	0	7.62	11.95	4/18/2003
1204.00	0	9.14	11.85	4/18/2003
1205.00	0	0.17	13.2	4/19/2003
1205.00	0	1.54	12.29	4/19/2003
1205.00	0	3.07	12.23	4/19/2003
1205.00	0	4.59	12.03	4/19/2003
1205.00	0	6.11	11.89	4/19/2003
1205.00	0	7.64	11.95	4/19/2003
1205.00	0	9.16	12.01	4/19/2003
1206.00	0	0.17	13.51	4/20/2003
1206.00	0	1.55	12.44	4/20/2003
1206.00	0	3.07	12.33	4/20/2003
1206.00	0	4.59	12.03	4/20/2003
1206.00	0	6.12	11.89	4/20/2003
1206.00	0	7.64	11.95	4/20/2003
1206.00	0	9.17	12.01	4/20/2003
1207.00	0	0.18	12.89	4/21/2003
1207.00	0	1.55	12.76	4/21/2003
1207.00	0	3.07	12.15	4/21/2003
1207.00	0	4.59	12.19	4/21/2003
1207.00	0	6.12	12.05	4/21/2003
1207.00	0	7.64	12.39	4/21/2003
1207.00	0	9.17	12.16	4/21/2003
1208.00	0	0.17	13.2	4/22/2003
1208.00	0	1.54	12.29	4/22/2003
1208.00	0	3.07	12.16	4/22/2003
1208.00	0	4.59	12.03	4/22/2003
1208.00	0	6.12	12.05	4/22/2003
1208.00	0	7.64	12.26	4/22/2003
1208.00	0	9.16	12.01	4/22/2003
1209.00	0	0.15	12.58	4/23/2003
1209.00	0	1.52	12.6	4/23/2003
1209.00	0	3.04	11.79	4/23/2003
1209.00	0	4.57	11.57	4/23/2003
1209.00	0	6.09	11.43	4/23/2003
1209.00	0	7.61	11.66	4/23/2003
1209.00	0	9.14	11.54	4/23/2003
1210.00	0	0.2	12.58	4/24/2003
1210.00	0	1.57	12.44	4/24/2003
1210.00	0	3.09	12.01	4/24/2003
1210.00	0	4.62	11.88	4/24/2003
1210.00	0	6.14	12.05	4/24/2003
1210.00	0	7.66	11.91	4/24/2003
1210.00	0	9.19	12.16	4/24/2003
1211.00	0	0.18	12.12	4/25/2003
1211.00	0	1.55	11.83	4/25/2003
1211.00	0	3.08	11.93	4/25/2003
1211.00	0	4.6	11.88	4/25/2003
1211.00	0	6.13	12.05	4/25/2003
1211.00	0	7.65	12.14	4/25/2003
1211.00	0	9.17	12.16	4/25/2003
1212.00	0	0.16	12.12	4/26/2003
1212.00	0	1.53	11.83	4/26/2003
1212.00	0	3.05	11.7	4/26/2003
1212.00	0	4.58	11.42	4/26/2003
1212.00	0	6.1	11.43	4/26/2003
1212.00	0	7.62	11.49	4/26/2003
1212.00	0	9.15	11.69	4/26/2003
1213.00	0	0.23	12.74	4/27/2003
1213.00	0	1.6	11.98	4/27/2003
1213.00	0	3.12	11.85	4/27/2003
1213.00	0	4.65	11.57	4/27/2003
1213.00	0	6.17	11.43	4/27/2003
1213.00	0	7.7	11.64	4/27/2003
1213.00	0	9.22	11.54	4/27/2003
1214.00	0	0.22	13.36	4/28/2003
1214.00	0	1.59	13.37	4/28/2003
1214.00	0	3.12	12.72	4/28/2003
1214.00	0	4.64	12.81	4/28/2003
1214.00	0	6.17	12.98	4/28/2003
1214.00	0	7.69	12.26	4/28/2003
1214.00	0	9.21	13.09	4/28/2003
1215.00	0	0.13	12.43	4/29/2003
1215.00	0	1.5	11.98	4/29/2003
1215.00	0	3.03	12.09	4/29/2003
1215.00	0	4.55	11.88	4/29/2003
1215.00	0	6.08	12.52	4/29/2003
1215.00	0	7.6	11.99	4/29/2003
1215.00	0	9.12	12.62	4/29/2003
1216.00	0	0.2	11.81	4/30/2003
1216.00	0	1.57	11.67	4/30/2003
1216.00	0	3.1	11.7	4/30/2003
1216.00	0	4.62	11.42	4/30/2003
1216.00	0	6.15	11.43	4/30/2003
1216.00	0	7.67	11.5	4/30/2003
1216.00	0	9.19	11.54	4/30/2003
1217.00	0	0.17	12.43	5/1/2003
1217.00	0	1.54	12.13	5/1/2003
1217.00	0	3.07	12.09	5/1/2003
1217.00	0	4.59	11.88	5/1/2003
1217.00	0	6.11	11.74	5/1/2003
1217.00	0	7.64	11.95	5/1/2003
1217.00	0	9.16	11.85	5/1/2003
1218.00	0	0.16	12.27	5/2/2003
1218.00	0	1.53	11.98	5/2/2003
1218.00	0	3.06	12.06	5/2/2003
1218.00	0	4.58	11.73	5/2/2003
1218.00	0	6.1	11.74	5/2/2003
1218.00	0	7.63	11.95	5/2/2003
1218.00	0	9.15	11.85	5/2/2003
1219.00	0	0.16	11.66	5/3/2003
1219.00	0	1.53	11.67	5/3/2003
1219.00	0	3.06	11.47	5/3/2003
1219.00	0	4.58	11.42	5/3/2003
1219.00	0	6.11	11.43	5/3/2003
1219.00	0	7.63	11.49	5/3/2003
1219.00	0	9.15	11.54	5/3/2003
1220.00	0	0.16	11.81	5/4/2003
1220.00	0	1.53	11.98	5/4/2003
1220.00	0	3.05	11.78	5/4/2003
1220.00	0	4.58	11.42	5/4/2003
1220.00	0	6.1	11.28	5/4/2003
1220.00	0	7.62	11.64	5/4/2003
1220.00	0	9.15	11.54	5/4/2003
1221.00	0	0.15	12.12	5/5/2003
1221.00	0	1.53	11.83	5/5/2003
1221.00	0	3.05	11.83	5/5/2003
1221.00	0	4.57	11.57	5/5/2003
1221.00	0	6.1	11.43	5/5/2003
1221.00	0	7.62	11.64	5/5/2003
1221.00	0	9.15	11.54	5/5/2003
1222.00	0	0.16	12.12	5/6/2003
1222.00	0	1.53	12.13	5/6/2003
1222.00	0	3.05	12.16	5/6/2003
1222.00	0	4.57	11.57	5/6/2003
1222.00	0	6.1	11.59	5/6/2003
1222.00	0	7.62	12.03	5/6/2003
1222.00	0	9.15	11.85	5/6/2003
1223.00	0	-0.03	12.12	5/7/2003
1223.00	0	1.35	11.67	5/7/2003
1223.00	0	2.87	11.85	5/7/2003
1223.00	0	4.39	11.42	5/7/2003
1223.00	0	5.92	11.28	5/7/2003
1223.00	0	7.44	11.81	5/7/2003
1223.00	0	8.97	11.38	5/7/2003
1224.00	0	0.15	11.66	5/8/2003
1224.00	0	1.52	11.67	5/8/2003
1224.00	0	3.04	11.63	5/8/2003
1224.00	0	4.57	11.42	5/8/2003
1224.00	0	6.09	11.28	5/8/2003
1224.00	0	7.62	11.49	5/8/2003
1224.00	0	9.14	11.38	5/8/2003
1225.00	0	0.16	12.27	5/9/2003
1225.00	0	1.53	11.67	5/9/2003
1225.00	0	3.05	11.37	5/9/2003
1225.00	0	4.58	11.42	5/9/2003
1225.00	0	6.1	11.43	5/9/2003
1225.00	0	7.62	11.33	5/9/2003
1225.00	0	9.15	11.54	5/9/2003
1226.00	0	0.15	12.27	5/10/2003
1226.00	0	1.52	11.83	5/10/2003
1226.00	0	3.04	11.93	5/10/2003
1226.00	0	4.56	11.57	5/10/2003
1226.00	0	6.09	11.43	5/10/2003
1226.00	0	7.61	11.8	5/10/2003
1226.00	0	9.14	11.54	5/10/2003
1227.00	0	0.15	12.12	5/11/2003
1227.00	0	1.52	11.67	5/11/2003
1227.00	0	3.04	11.95	5/11/2003
1227.00	0	4.57	11.73	5/11/2003
1227.00	0	6.09	11.43	5/11/2003
1227.00	0	7.61	11.88	5/11/2003
1227.00	0	9.14	11.85	5/11/2003
1228.00	0	0.16	12.27	5/12/2003
1228.00	0	1.53	11.67	5/12/2003
1228.00	0	3.05	11.85	5/12/2003
1228.00	0	4.58	11.42	5/12/2003
1228.00	0	6.1	11.28	5/12/2003
1228.00	0	7.62	11.86	5/12/2003
1228.00	0	9.15	11.38	5/12/2003
1229.00	0	0.15	11.97	5/13/2003
1229.00	0	1.53	11.52	5/13/2003
1229.00	0	3.05	11.93	5/13/2003
1229.00	0	4.57	11.42	5/13/2003
1229.00	0	6.1	11.28	5/13/2003
1229.00	0	7.62	11.8	5/13/2003
1229.00	0	9.15	11.38	5/13/2003
1230.00	0	0.15	12.12	5/14/2003
1230.00	0	1.53	11.52	5/14/2003
1230.00	0	3.05	11.79	5/14/2003
1230.00	0	4.57	11.42	5/14/2003
1230.00	0	6.1	11.28	5/14/2003
1230.00	0	7.62	11.67	5/14/2003
1230.00	0	9.15	11.38	5/14/2003
1231.00	0	0.16	12.12	5/15/2003
1231.00	0	1.53	11.67	5/15/2003
1231.00	0	3.06	12	5/15/2003
1231.00	0	4.58	11.42	5/15/2003
1231.00	0	6.11	11.43	5/15/2003
1231.00	0	7.63	11.88	5/15/2003
1231.00	0	9.15	11.54	5/15/2003
1232.00	0	0.19	12.27	5/16/2003
1232.00	0	1.56	12.13	5/16/2003
1232.00	0	3.08	11.92	5/16/2003
1232.00	0	4.61	11.73	5/16/2003
1232.00	0	6.13	11.59	5/16/2003
1232.00	0	7.65	11.8	5/16/2003
1232.00	0	9.18	11.69	5/16/2003
1233.00	0	0.12	12.43	5/17/2003
1233.00	0	1.49	12.44	5/17/2003
1233.00	0	3.01	12.24	5/17/2003
1233.00	0	4.54	12.03	5/17/2003
1233.00	0	6.06	12.05	5/17/2003
1233.00	0	7.58	12.11	5/17/2003
1233.00	0	9.11	12.16	5/17/2003
1234.00	0	0.14	11.66	5/18/2003
1234.00	0	1.51	11.67	5/18/2003
1234.00	0	3.03	11.7	5/18/2003
1234.00	0	4.56	11.57	5/18/2003
1234.00	0	6.08	11.43	5/18/2003
1234.00	0	7.61	11.64	5/18/2003
1234.00	0	9.13	11.54	5/18/2003
1235.00	0	0.16	12.12	5/19/2003
1235.00	0	1.53	11.98	5/19/2003
1235.00	0	3.05	11.93	5/19/2003
1235.00	0	4.57	11.73	5/19/2003
1235.00	0	6.1	11.59	5/19/2003
1235.00	0	7.62	11.8	5/19/2003
1235.00	0	9.15	11.69	5/19/2003
1236.00	0	0.16	12.43	5/20/2003
1236.00	0	1.53	12.13	5/20/2003
1236.00	0	3.06	12.16	5/20/2003
1236.00	0	4.58	12.03	5/20/2003
1236.00	0	6.1	11.89	5/20/2003
1236.00	0	7.63	11.97	5/20/2003
1236.00	0	9.15	12.01	5/20/2003
1237.00	0	0.06	12.58	5/21/2003
1237.00	0	1.43	12.13	5/21/2003
1237.00	0	2.95	12.24	5/21/2003
1237.00	0	4.48	12.03	5/21/2003
1237.00	0	6	12.05	5/21/2003
1237.00	0	7.52	12.16	5/21/2003
1237.00	0	9.05	12.01	5/21/2003
1238.00	0	0.16	12.58	5/22/2003
1238.00	0	1.53	12.13	5/22/2003
1238.00	0	3.05	12.3	5/22/2003
1238.00	0	4.58	12.03	5/22/2003
1238.00	0	6.1	11.89	5/22/2003
1238.00	0	7.63	12.14	5/22/2003
1238.00	0	9.15	12.01	5/22/2003
1239.00	0	0.16	12.58	5/23/2003
1239.00	0	1.53	12.29	5/23/2003
1239.00	0	3.06	12.11	5/23/2003
1239.00	0	4.58	12.03	5/23/2003
1239.00	0	6.11	11.89	5/23/2003
1239.00	0	7.63	12.11	5/23/2003
1239.00	0	9.15	12.01	5/23/2003
1240.00	0	0.16	12.89	5/24/2003
1240.00	0	1.53	12.13	5/24/2003
1240.00	0	3.05	12.51	5/24/2003
1240.00	0	4.58	12.19	5/24/2003
1240.00	0	6.1	12.05	5/24/2003
1240.00	0	7.62	12.49	5/24/2003
1240.00	0	9.15	12.16	5/24/2003
1241.00	0	0.16	13.05	5/25/2003
1241.00	0	1.53	12.44	5/25/2003
1241.00	0	3.06	12.76	5/25/2003
1241.00	0	4.58	12.34	5/25/2003
1241.00	0	6.11	12.21	5/25/2003
1241.00	0	7.63	12.57	5/25/2003
1241.00	0	9.15	12.31	5/25/2003
1242.00	0	0.16	12.89	5/26/2003
1242.00	0	1.53	12.29	5/26/2003
1242.00	0	3.05	12.61	5/26/2003
1242.00	0	4.57	12.19	5/26/2003
1242.00	0	6.1	12.05	5/26/2003
1242.00	0	7.62	12.57	5/26/2003
1242.00	0	9.15	12.16	5/26/2003
1243.00	0	0.16	12.58	5/27/2003
1243.00	0	1.53	12.29	5/27/2003
1243.00	0	3.05	12.54	5/27/2003
1243.00	0	4.58	12.19	5/27/2003
1243.00	0	6.1	12.05	5/27/2003
1243.00	0	7.62	12.56	5/27/2003
1243.00	0	9.15	12.01	5/27/2003
1286.00	0	0.23	16.49	7/9/2003
1286.00	0	1.6	15.88	7/9/2003
1286.00	0	3.13	15.34	7/9/2003
1286.00	0	4.65	15.14	7/9/2003
1286.00	0	6.18	14.99	7/9/2003
1286.00	0	7.7	14.99	7/9/2003
1286.00	0	9.22	14.95	7/9/2003
1287.00	0	0.22	15.87	7/10/2003
1287.00	0	1.59	15.56	7/10/2003
1287.00	0	3.12	15.18	7/10/2003
1287.00	0	4.64	15.3	7/10/2003
1287.00	0	6.17	14.99	7/10/2003
1287.00	0	7.69	14.99	7/10/2003
1287.00	0	9.21	15.11	7/10/2003
1288.00	0	0.24	15.55	7/11/2003
1288.00	0	1.61	15.4	7/11/2003
1288.00	0	3.13	15.02	7/11/2003
1288.00	0	4.66	14.98	7/11/2003
1288.00	0	6.18	14.84	7/11/2003
1288.00	0	7.71	14.84	7/11/2003
1288.00	0	9.23	14.95	7/11/2003
1289.00	0	0.22	15.87	7/12/2003
1289.00	0	1.59	15.56	7/12/2003
1289.00	0	3.12	15.34	7/12/2003
1289.00	0	4.64	15.14	7/12/2003
1289.00	0	6.16	14.99	7/12/2003
1289.00	0	7.69	14.99	7/12/2003
1289.00	0	9.21	15.11	7/12/2003
1290.00	0	0.23	16.65	7/13/2003
1290.00	0	1.6	15.72	7/13/2003
1290.00	0	3.13	15.34	7/13/2003
1290.00	0	4.65	15.3	7/13/2003
1290.00	0	6.17	15.16	7/13/2003
1290.00	0	7.7	15.16	7/13/2003
1290.00	0	9.22	15.27	7/13/2003
1291.00	0	0.26	16.02	7/14/2003
1291.00	0	1.63	15.4	7/14/2003
1291.00	0	3.16	15.34	7/14/2003
1291.00	0	4.68	15.46	7/14/2003
1291.00	0	6.2	15.31	7/14/2003
1291.00	0	7.73	15.31	7/14/2003
1291.00	0	9.25	15.42	7/14/2003
1292.00	0	0.24	16.18	7/15/2003
1292.00	0	1.61	15.88	7/15/2003
1292.00	0	3.13	15.49	7/15/2003
1292.00	0	4.66	15.62	7/15/2003
1292.00	0	6.18	15.47	7/15/2003
1292.00	0	7.7	15.47	7/15/2003
1292.00	0	9.23	15.58	7/15/2003
1293.00	0	0.22	16.81	7/16/2003
1293.00	0	1.59	15.56	7/16/2003
1293.00	0	3.12	15.34	7/16/2003
1293.00	0	4.64	15.3	7/16/2003
1293.00	0	6.17	15.16	7/16/2003
1293.00	0	7.69	15.16	7/16/2003
1293.00	0	9.21	15.27	7/16/2003
1294.00	0	0.22	16.49	7/17/2003
1294.00	0	1.59	16.19	7/17/2003
1294.00	0	3.12	15.81	7/17/2003
1294.00	0	4.64	15.78	7/17/2003
1294.00	0	6.17	15.63	7/17/2003
1294.00	0	7.69	15.63	7/17/2003
1294.00	0	9.21	15.58	7/17/2003
1295.00	0	0.24	16.18	7/18/2003
1295.00	0	1.61	15.88	7/18/2003
1295.00	0	3.14	15.81	7/18/2003
1295.00	0	4.66	15.78	7/18/2003
1295.00	0	6.19	15.63	7/18/2003
1295.00	0	7.71	15.63	7/18/2003
1295.00	0	9.23	15.74	7/18/2003
1296.00	0	0.26	16.81	7/19/2003
1296.00	0	1.63	16.03	7/19/2003
1296.00	0	3.15	15.81	7/19/2003
1296.00	0	4.68	15.78	7/19/2003
1296.00	0	6.2	15.63	7/19/2003
1296.00	0	7.72	15.63	7/19/2003
1296.00	0	9.25	15.74	7/19/2003
1297.00	0	0.2	17.61	7/20/2003
1297.00	0	1.58	16.35	7/20/2003
1297.00	0	3.1	16.13	7/20/2003
1297.00	0	4.62	15.93	7/20/2003
1297.00	0	6.15	15.78	7/20/2003
1297.00	0	7.67	15.78	7/20/2003
1297.00	0	9.2	15.9	7/20/2003
1298.00	0	0.21	17.44	7/21/2003
1298.00	0	1.58	16.35	7/21/2003
1298.00	0	3.1	16.13	7/21/2003
1298.00	0	4.63	16.25	7/21/2003
1298.00	0	6.15	16.1	7/21/2003
1298.00	0	7.68	16.1	7/21/2003
1298.00	0	9.2	16.22	7/21/2003
1299.00	0	0.18	16.97	7/22/2003
1299.00	0	1.55	16.35	7/22/2003
1299.00	0	3.07	16.29	7/22/2003
1299.00	0	4.6	16.25	7/22/2003
1299.00	0	6.12	16.1	7/22/2003
1299.00	0	7.64	16.1	7/22/2003
1299.00	0	9.17	16.22	7/22/2003
1300.00	0	0.19	17.61	7/23/2003
1300.00	0	1.56	16.19	7/23/2003
1300.00	0	3.08	15.97	7/23/2003
1300.00	0	4.61	16.09	7/23/2003
1300.00	0	6.13	15.94	7/23/2003
1300.00	0	7.65	15.94	7/23/2003
1300.00	0	9.18	16.06	7/23/2003
1301.00	0	0.11	16.49	7/24/2003
1301.00	0	1.49	16.19	7/24/2003
1301.00	0	3.01	15.97	7/24/2003
1301.00	0	4.53	15.93	7/24/2003
1301.00	0	6.06	15.94	7/24/2003
1301.00	0	7.58	15.94	7/24/2003
1301.00	0	9.11	15.9	7/24/2003
1302.00	0	0.19	16.49	7/25/2003
1302.00	0	1.56	16.35	7/25/2003
1302.00	0	3.08	16.29	7/25/2003
1302.00	0	4.61	16.25	7/25/2003
1302.00	0	6.13	16.1	7/25/2003
1302.00	0	7.66	16.1	7/25/2003
1302.00	0	9.18	16.22	7/25/2003
1303.00	0	0.22	17.13	7/26/2003
1303.00	0	1.59	16.66	7/26/2003
1303.00	0	3.11	16.44	7/26/2003
1303.00	0	4.64	16.56	7/26/2003
1303.00	0	6.16	16.41	7/26/2003
1303.00	0	7.68	16.41	7/26/2003
1303.00	0	9.21	16.53	7/26/2003
1304.00	0	0.16	17.13	7/27/2003
1304.00	0	1.53	16.35	7/27/2003
1304.00	0	3.05	16.13	7/27/2003
1304.00	0	4.58	16.25	7/27/2003
1304.00	0	6.1	16.1	7/27/2003
1304.00	0	7.62	16.1	7/27/2003
1304.00	0	9.15	16.22	7/27/2003
1305.00	0	0.18	16.65	7/28/2003
1305.00	0	1.55	16.35	7/28/2003
1305.00	0	3.07	16.13	7/28/2003
1305.00	0	4.59	16.25	7/28/2003
1305.00	0	6.12	16.26	7/28/2003
1305.00	0	7.64	16.26	7/28/2003
1305.00	0	9.17	16.53	7/28/2003
1306.00	0	0.22	16.81	7/29/2003
1306.00	0	1.59	16.66	7/29/2003
1306.00	0	3.11	16.44	7/29/2003
1306.00	0	4.64	16.41	7/29/2003
1306.00	0	6.16	16.41	7/29/2003
1306.00	0	7.69	16.41	7/29/2003
1306.00	0	9.21	16.37	7/29/2003
1307.00	0	0.17	17.61	7/30/2003
1307.00	0	1.54	16.66	7/30/2003
1307.00	0	3.07	16.61	7/30/2003
1307.00	0	4.59	16.72	7/30/2003
1307.00	0	6.12	16.73	7/30/2003
1307.00	0	7.64	16.73	7/30/2003
1307.00	0	9.16	16.85	7/30/2003
1308.00	0	0.27	17.44	7/31/2003
1308.00	0	1.64	16.66	7/31/2003
1308.00	0	3.17	16.76	7/31/2003
1308.00	0	4.69	17.04	7/31/2003
1308.00	0	6.21	16.88	7/31/2003
1308.00	0	7.74	16.88	7/31/2003
1308.00	0	9.26	17.01	7/31/2003
1309.00	0	0.15	17.29	8/1/2003
1309.00	0	1.52	16.82	8/1/2003
1309.00	0	3.04	16.76	8/1/2003
1309.00	0	4.57	16.72	8/1/2003
1309.00	0	6.09	16.57	8/1/2003
1309.00	0	7.61	16.57	8/1/2003
1309.00	0	9.14	16.69	8/1/2003
1310.00	0	0.16	17.61	8/2/2003
1310.00	0	1.53	16.98	8/2/2003
1310.00	0	3.05	16.76	8/2/2003
1310.00	0	4.58	16.88	8/2/2003
1310.00	0	6.1	16.73	8/2/2003
1310.00	0	7.63	16.73	8/2/2003
1310.00	0	9.15	16.85	8/2/2003
1311.00	0	0.15	17.77	8/3/2003
1311.00	0	1.53	17.14	8/3/2003
1311.00	0	3.05	16.92	8/3/2003
1311.00	0	4.57	17.04	8/3/2003
1311.00	0	6.1	17.04	8/3/2003
1311.00	0	7.62	17.04	8/3/2003
1311.00	0	9.15	17.17	8/3/2003
1312.00	0	0.21	17.77	8/4/2003
1312.00	0	1.58	17.46	8/4/2003
1312.00	0	3.11	17.24	8/4/2003
1312.00	0	4.63	17.52	8/4/2003
1312.00	0	6.16	17.36	8/4/2003
1312.00	0	7.68	17.36	8/4/2003
1312.00	0	9.2	17.81	8/4/2003
1313.00	0	0.19	18.09	8/5/2003
1313.00	0	1.56	17.78	8/5/2003
1313.00	0	3.09	17.56	8/5/2003
1313.00	0	4.61	17.68	8/5/2003
1313.00	0	6.13	17.68	8/5/2003
1313.00	0	7.66	17.68	8/5/2003
1313.00	0	9.18	17.81	8/5/2003
1314.00	0	0.17	18.25	8/6/2003
1314.00	0	1.54	17.78	8/6/2003
1314.00	0	3.06	17.56	8/6/2003
1314.00	0	4.59	18	8/6/2003
1314.00	0	6.11	17.84	8/6/2003
1314.00	0	7.63	17.84	8/6/2003
1314.00	0	9.16	17.97	8/6/2003
1315.00	0	0.18	17.77	8/7/2003
1315.00	0	1.55	17.46	8/7/2003
1315.00	0	3.07	17.08	8/7/2003
1315.00	0	4.59	17.68	8/7/2003
1315.00	0	6.12	17.68	8/7/2003
1315.00	0	7.64	17.68	8/7/2003
1315.00	0	9.17	17.81	8/7/2003
1316.00	0	0.17	17.77	8/8/2003
1316.00	0	1.55	17.14	8/8/2003
1316.00	0	3.07	16.92	8/8/2003
1316.00	0	4.59	17.36	8/8/2003
1316.00	0	6.12	17.21	8/8/2003
1316.00	0	7.64	17.21	8/8/2003
1316.00	0	9.17	17.33	8/8/2003
1317.00	0	0.2	17.77	8/9/2003
1317.00	0	1.57	17.3	8/9/2003
1317.00	0	3.09	17.24	8/9/2003
1317.00	0	4.62	17.36	8/9/2003
1317.00	0	6.14	17.21	8/9/2003
1317.00	0	7.67	17.21	8/9/2003
1317.00	0	9.19	17.33	8/9/2003
1318.00	0	0.2	19.06	8/10/2003
1318.00	0	1.57	17.62	8/10/2003
1318.00	0	3.09	17.4	8/10/2003
1318.00	0	4.62	17.52	8/10/2003
1318.00	0	6.14	17.36	8/10/2003
1318.00	0	7.66	17.36	8/10/2003
1318.00	0	9.19	17.49	8/10/2003
1319.00	0	0.19	18.25	8/11/2003
1319.00	0	1.56	17.46	8/11/2003
1319.00	0	3.09	17.4	8/11/2003
1319.00	0	4.61	17.52	8/11/2003
1319.00	0	6.14	17.36	8/11/2003
1319.00	0	7.66	17.36	8/11/2003
1319.00	0	9.18	17.49	8/11/2003
1320.00	0	0.22	19.55	8/12/2003
1320.00	0	1.59	19.23	8/12/2003
1320.00	0	3.12	17.88	8/12/2003
1320.00	0	4.64	17.2	8/12/2003
1320.00	0	6.16	16.1	8/12/2003
1320.00	0	7.69	16.1	8/12/2003
1320.00	0	9.21	16.22	8/12/2003
1321.00	0	0.16	16.34	8/13/2003
1321.00	0	1.53	14.93	8/13/2003
1321.00	0	3.06	14.7	8/13/2003
1321.00	0	4.58	14.67	8/13/2003
1321.00	0	6.1	14.52	8/13/2003
1321.00	0	7.63	14.52	8/13/2003
1321.00	0	9.15	14.63	8/13/2003
1322.00	0	0.16	15.39	8/14/2003
1322.00	0	1.53	15.08	8/14/2003
1322.00	0	3.06	14.7	8/14/2003
1322.00	0	4.58	14.83	8/14/2003
1322.00	0	6.11	14.68	8/14/2003
1322.00	0	7.63	14.68	8/14/2003
1322.00	0	9.15	14.79	8/14/2003
1323.00	0	0.17	15.55	8/15/2003
1323.00	0	1.54	14.93	8/15/2003
1323.00	0	3.06	14.86	8/15/2003
1323.00	0	4.59	14.67	8/15/2003
1323.00	0	6.11	14.52	8/15/2003
1323.00	0	7.63	14.52	8/15/2003
1323.00	0	9.16	14.63	8/15/2003
1324.00	0	0.16	16.49	8/16/2003
1324.00	0	1.53	15.08	8/16/2003
1324.00	0	3.06	14.86	8/16/2003
1324.00	0	4.58	14.67	8/16/2003
1324.00	0	6.11	14.52	8/16/2003
1324.00	0	7.63	14.52	8/16/2003
1324.00	0	9.15	14.63	8/16/2003
1325.00	0	0.14	18.9	8/17/2003
1325.00	0	1.52	15.24	8/17/2003
1325.00	0	3.04	14.86	8/17/2003
1325.00	0	4.56	14.67	8/17/2003
1325.00	0	6.09	14.52	8/17/2003
1325.00	0	7.61	14.52	8/17/2003
1325.00	0	9.14	14.63	8/17/2003
1326.00	0	0.14	15.87	8/18/2003
1326.00	0	1.51	15.4	8/18/2003
1326.00	0	3.04	14.86	8/18/2003
1326.00	0	4.56	14.67	8/18/2003
1326.00	0	6.08	14.52	8/18/2003
1326.00	0	7.61	14.52	8/18/2003
1326.00	0	9.13	14.63	8/18/2003
1327.00	0	0.24	16.18	8/19/2003
1327.00	0	1.61	15.08	8/19/2003
1327.00	0	3.14	15.02	8/19/2003
1327.00	0	4.66	14.98	8/19/2003
1327.00	0	6.18	14.84	8/19/2003
1327.00	0	7.71	14.84	8/19/2003
1327.00	0	9.23	14.95	8/19/2003
1328.00	0	0.14	16.65	8/20/2003
1328.00	0	1.51	15.4	8/20/2003
1328.00	0	3.04	15.34	8/20/2003
1328.00	0	4.56	15.14	8/20/2003
1328.00	0	6.09	14.99	8/20/2003
1328.00	0	7.61	14.99	8/20/2003
1328.00	0	9.13	15.11	8/20/2003
1329.00	0	0.15	17.77	8/21/2003
1329.00	0	1.53	15.72	8/21/2003
1329.00	0	3.05	15.18	8/21/2003
1329.00	0	4.57	15.3	8/21/2003
1329.00	0	6.1	14.99	8/21/2003
1329.00	0	7.62	14.99	8/21/2003
1329.00	0	9.15	15.11	8/21/2003
1330.00	0	0.24	18.09	8/22/2003
1330.00	0	1.61	15.56	8/22/2003
1330.00	0	3.14	15.18	8/22/2003
1330.00	0	4.66	15.3	8/22/2003
1330.00	0	6.19	15.31	8/22/2003
1330.00	0	7.71	15.31	8/22/2003
1330.00	0	9.23	15.42	8/22/2003
1331.00	0	0.13	15.87	8/23/2003
1331.00	0	1.5	15.4	8/23/2003
1331.00	0	3.02	15.18	8/23/2003
1331.00	0	4.55	15.14	8/23/2003
1331.00	0	6.07	14.99	8/23/2003
1331.00	0	7.6	14.99	8/23/2003
1331.00	0	9.12	15.11	8/23/2003
1332.00	0	0.14	18.41	8/24/2003
1332.00	0	1.52	15.56	8/24/2003
1332.00	0	3.04	15.34	8/24/2003
1332.00	0	4.56	14.98	8/24/2003
1332.00	0	6.09	14.84	8/24/2003
1332.00	0	7.61	14.84	8/24/2003
1332.00	0	9.14	14.95	8/24/2003
1333.00	0	0.13	16.34	8/25/2003
1333.00	0	1.5	15.88	8/25/2003
1333.00	0	3.02	15.18	8/25/2003
1333.00	0	4.55	15.14	8/25/2003
1333.00	0	6.07	14.99	8/25/2003
1333.00	0	7.59	14.99	8/25/2003
1333.00	0	9.12	15.11	8/25/2003
1334.00	0	0.15	16.65	8/26/2003
1334.00	0	1.52	15.72	8/26/2003
1334.00	0	3.05	15.34	8/26/2003
1334.00	0	4.57	15.3	8/26/2003
1334.00	0	6.09	15.16	8/26/2003
1334.00	0	7.62	15.16	8/26/2003
1334.00	0	9.14	15.27	8/26/2003
1335.00	0	0.13	16.02	8/27/2003
1335.00	0	1.5	15.56	8/27/2003
1335.00	0	3.02	15.34	8/27/2003
1335.00	0	4.55	15.3	8/27/2003
1335.00	0	6.07	15.16	8/27/2003
1335.00	0	7.59	15.16	8/27/2003
1335.00	0	9.12	15.27	8/27/2003
1336.00	0	0.14	17.13	8/28/2003
1336.00	0	1.51	15.88	8/28/2003
1336.00	0	3.04	15.66	8/28/2003
1336.00	0	4.56	15.46	8/28/2003
1336.00	0	6.08	15.31	8/28/2003
1336.00	0	7.61	15.31	8/28/2003
1336.00	0	9.13	15.42	8/28/2003
1337.00	0	0.15	18.25	8/29/2003
1337.00	0	1.52	16.03	8/29/2003
1337.00	0	3.04	15.66	8/29/2003
1337.00	0	4.57	15.62	8/29/2003
1337.00	0	6.09	15.47	8/29/2003
1337.00	0	7.62	15.47	8/29/2003
1337.00	0	9.14	15.58	8/29/2003
1338.00	0	0.15	16.65	8/30/2003
1338.00	0	1.52	16.19	8/30/2003
1338.00	0	3.05	15.66	8/30/2003
1338.00	0	4.57	15.62	8/30/2003
1338.00	0	6.1	15.47	8/30/2003
1338.00	0	7.62	15.47	8/30/2003
1338.00	0	9.14	15.58	8/30/2003
1339.00	0	0.15	16.65	8/31/2003
1339.00	0	1.52	16.03	8/31/2003
1339.00	0	3.04	15.66	8/31/2003
1339.00	0	4.57	15.62	8/31/2003
1339.00	0	6.09	15.47	8/31/2003
1339.00	0	7.62	15.47	8/31/2003
1339.00	0	9.14	15.58	8/31/2003
1340.00	0	0.15	18.9	9/1/2003
1340.00	0	1.52	16.19	9/1/2003
1340.00	0	3.05	15.81	9/1/2003
1340.00	0	4.57	15.78	9/1/2003
1340.00	0	6.09	15.63	9/1/2003
1340.00	0	7.62	15.63	9/1/2003
1340.00	0	9.14	15.74	9/1/2003
1341.00	0	0.05	18.9	9/2/2003
1341.00	0	1.42	16.35	9/2/2003
1341.00	0	2.94	15.97	9/2/2003
1341.00	0	4.47	15.78	9/2/2003
1341.00	0	5.99	15.78	9/2/2003
1341.00	0	7.52	15.78	9/2/2003
1341.00	0	9.04	15.74	9/2/2003
1342.00	0	0.18	16.65	9/3/2003
1342.00	0	1.55	16.19	9/3/2003
1342.00	0	3.07	15.97	9/3/2003
1342.00	0	4.6	15.93	9/3/2003
1342.00	0	6.12	15.78	9/3/2003
1342.00	0	7.65	15.78	9/3/2003
1342.00	0	9.17	15.9	9/3/2003
1343.00	0	0.17	16.65	9/4/2003
1343.00	0	1.54	16.03	9/4/2003
1343.00	0	3.06	15.81	9/4/2003
1343.00	0	4.59	15.93	9/4/2003
1343.00	0	6.11	15.78	9/4/2003
1343.00	0	7.63	15.78	9/4/2003
1343.00	0	9.16	15.9	9/4/2003
1344.00	0	0.17	17.29	9/5/2003
1344.00	0	1.55	16.03	9/5/2003
1344.00	0	3.07	15.97	9/5/2003
1344.00	0	4.59	15.93	9/5/2003
1344.00	0	6.12	15.78	9/5/2003
1344.00	0	7.64	15.78	9/5/2003
1344.00	0	9.17	15.9	9/5/2003
1345.00	0	0.2	16.49	9/6/2003
1345.00	0	1.58	16.03	9/6/2003
1345.00	0	3.1	15.97	9/6/2003
1345.00	0	4.62	15.93	9/6/2003
1345.00	0	6.15	15.94	9/6/2003
1345.00	0	7.67	15.94	9/6/2003
1345.00	0	9.2	15.9	9/6/2003
1346.00	0	0.18	17.93	9/7/2003
1346.00	0	1.55	16.19	9/7/2003
1346.00	0	3.07	15.97	9/7/2003
1346.00	0	4.6	15.93	9/7/2003
1346.00	0	6.12	15.78	9/7/2003
1346.00	0	7.65	15.78	9/7/2003
1346.00	0	9.17	15.9	9/7/2003
1347.00	0	0.24	17.61	9/8/2003
1347.00	0	1.61	16.03	9/8/2003
1347.00	0	3.14	15.97	9/8/2003
1347.00	0	4.66	15.93	9/8/2003
1347.00	0	6.19	15.78	9/8/2003
1347.00	0	7.71	15.78	9/8/2003
1347.00	0	9.23	15.9	9/8/2003
1348.00	0	0.19	17.93	9/9/2003
1348.00	0	1.56	16.03	9/9/2003
1348.00	0	3.08	15.81	9/9/2003
1348.00	0	4.6	15.93	9/9/2003
1348.00	0	6.13	15.78	9/9/2003
1348.00	0	7.65	15.78	9/9/2003
1348.00	0	9.18	15.9	9/9/2003
1349.00	0	0.24	16.65	9/10/2003
1349.00	0	1.61	16.03	9/10/2003
1349.00	0	3.13	15.97	9/10/2003
1349.00	0	4.66	16.09	9/10/2003
1349.00	0	6.18	15.94	9/10/2003
1349.00	0	7.7	15.94	9/10/2003
1349.00	0	9.23	16.06	9/10/2003
1350.00	0	0.18	17.13	9/11/2003
1350.00	0	1.55	16.35	9/11/2003
1350.00	0	3.07	15.97	9/11/2003
1350.00	0	4.6	15.93	9/11/2003
1350.00	0	6.12	15.78	9/11/2003
1350.00	0	7.65	15.78	9/11/2003
1350.00	0	9.17	15.9	9/11/2003
1351.00	0	0.15	18.09	9/12/2003
1351.00	0	1.52	16.35	9/12/2003
1351.00	0	3.05	16.13	9/12/2003
1351.00	0	4.57	16.09	9/12/2003
1351.00	0	6.1	15.94	9/12/2003
1351.00	0	7.62	15.94	9/12/2003
1351.00	0	9.14	16.06	9/12/2003
1352.00	0	0.16	17.77	9/13/2003
1352.00	0	1.53	16.35	9/13/2003
1352.00	0	3.05	16.13	9/13/2003
1352.00	0	4.58	16.09	9/13/2003
1352.00	0	6.1	16.1	9/13/2003
1352.00	0	7.62	16.1	9/13/2003
1352.00	0	9.15	16.06	9/13/2003
1353.00	0	0.15	16.81	9/14/2003
1353.00	0	1.52	16.35	9/14/2003
1353.00	0	3.04	16.29	9/14/2003
1353.00	0	4.57	16.25	9/14/2003
1353.00	0	6.09	16.1	9/14/2003
1353.00	0	7.61	16.1	9/14/2003
1353.00	0	9.14	16.22	9/14/2003
1354.00	0	0.22	16.65	9/15/2003
1354.00	0	1.6	16.35	9/15/2003
1354.00	0	3.12	16.29	9/15/2003
1354.00	0	4.64	16.25	9/15/2003
1354.00	0	6.17	16.1	9/15/2003
1354.00	0	7.69	16.1	9/15/2003
1354.00	0	9.22	16.22	9/15/2003
1355.00	0	0.14	16.65	9/16/2003
1355.00	0	1.52	16.51	9/16/2003
1355.00	0	3.04	16.44	9/16/2003
1355.00	0	4.56	16.25	9/16/2003
1355.00	0	6.09	16.1	9/16/2003
1355.00	0	7.61	16.1	9/16/2003
1355.00	0	9.14	16.22	9/16/2003
1356.00	0	0.28	17.93	9/17/2003
1356.00	0	1.65	17.3	9/17/2003
1356.00	0	3.17	16.61	9/17/2003
1356.00	0	4.7	16.41	9/17/2003
1356.00	0	6.22	16.26	9/17/2003
1356.00	0	7.74	16.26	9/17/2003
1356.00	0	9.27	16.37	9/17/2003
1357.00	0	0.19	16.97	9/18/2003
1357.00	0	1.56	16.51	9/18/2003
1357.00	0	3.09	16.29	9/18/2003
1357.00	0	4.61	16.41	9/18/2003
1357.00	0	6.14	16.26	9/18/2003
1357.00	0	7.66	16.26	9/18/2003
1357.00	0	9.18	16.37	9/18/2003
1358.00	0	0.16	17.13	9/19/2003
1358.00	0	1.54	16.51	9/19/2003
1358.00	0	3.06	16.44	9/19/2003
1358.00	0	4.58	16.41	9/19/2003
1358.00	0	6.11	16.26	9/19/2003
1358.00	0	7.63	16.26	9/19/2003
1358.00	0	9.16	16.37	9/19/2003
1359.00	0	0.23	17.29	9/20/2003
1359.00	0	1.6	16.51	9/20/2003
1359.00	0	3.12	16.29	9/20/2003
1359.00	0	4.65	16.25	9/20/2003
1359.00	0	6.17	16.26	9/20/2003
1359.00	0	7.69	16.26	9/20/2003
1359.00	0	9.22	16.22	9/20/2003
1360.00	0	0.17	18.41	9/21/2003
1360.00	0	1.54	16.66	9/21/2003
1360.00	0	3.07	16.44	9/21/2003
1360.00	0	4.59	16.41	9/21/2003
1360.00	0	6.11	16.26	9/21/2003
1360.00	0	7.64	16.26	9/21/2003
1360.00	0	9.16	16.37	9/21/2003
1361.00	0	0.16	17.44	9/22/2003
1361.00	0	1.53	16.66	9/22/2003
1361.00	0	3.05	16.44	9/22/2003
1361.00	0	4.58	16.41	9/22/2003
1361.00	0	6.1	16.41	9/22/2003
1361.00	0	7.62	16.41	9/22/2003
1361.00	0	9.15	16.37	9/22/2003
1362.00	0	0.17	18.25	9/23/2003
1362.00	0	1.54	16.66	9/23/2003
1362.00	0	3.07	16.44	9/23/2003
1362.00	0	4.59	16.41	9/23/2003
1362.00	0	6.11	16.26	9/23/2003
1362.00	0	7.64	16.26	9/23/2003
1362.00	0	9.16	16.37	9/23/2003
1363.00	0	0.14	18.41	9/24/2003
1363.00	0	1.51	16.51	9/24/2003
1363.00	0	3.04	16.44	9/24/2003
1363.00	0	4.56	16.41	9/24/2003
1363.00	0	6.09	16.26	9/24/2003
1363.00	0	7.61	16.26	9/24/2003
1363.00	0	9.13	16.37	9/24/2003
1364.00	0	0.32	18.09	9/25/2003
1364.00	0	1.69	17.14	9/25/2003
1364.00	0	3.21	16.76	9/25/2003
1364.00	0	4.74	16.56	9/25/2003
1364.00	0	6.26	16.41	9/25/2003
1364.00	0	7.78	16.41	9/25/2003
1364.00	0	9.31	16.53	9/25/2003
1365.00	0	0.16	18.09	9/26/2003
1365.00	0	1.53	16.82	9/26/2003
1365.00	0	3.05	16.61	9/26/2003
1365.00	0	4.58	16.56	9/26/2003
1365.00	0	6.1	16.57	9/26/2003
1365.00	0	7.62	16.57	9/26/2003
1365.00	0	9.15	16.69	9/26/2003
1366.00	0	0.16	17.93	9/27/2003
1366.00	0	1.53	16.98	9/27/2003
1366.00	0	3.06	16.76	9/27/2003
1366.00	0	4.58	16.72	9/27/2003
1366.00	0	6.11	16.57	9/27/2003
1366.00	0	7.63	16.57	9/27/2003
1366.00	0	9.15	16.69	9/27/2003
1367.00	0	0.18	18.09	9/28/2003
1367.00	0	1.55	16.82	9/28/2003
1367.00	0	3.07	16.76	9/28/2003
1367.00	0	4.6	16.72	9/28/2003
1367.00	0	6.12	16.57	9/28/2003
1367.00	0	7.64	16.57	9/28/2003
1367.00	0	9.17	16.69	9/28/2003
1368.00	0	0.17	18.09	9/29/2003
1368.00	0	1.54	17.14	9/29/2003
1368.00	0	3.07	16.76	9/29/2003
1368.00	0	4.59	16.72	9/29/2003
1368.00	0	6.11	16.73	9/29/2003
1368.00	0	7.64	16.73	9/29/2003
1368.00	0	9.16	16.85	9/29/2003
1369.00	0	0.16	18.09	9/30/2003
1369.00	0	1.53	16.82	9/30/2003
1369.00	0	3.06	16.61	9/30/2003
1369.00	0	4.58	16.56	9/30/2003
1369.00	0	6.11	16.57	9/30/2003
1369.00	0	7.63	16.57	9/30/2003
1369.00	0	9.15	16.69	9/30/2003
1370.00	0	0.16	17.77	10/1/2003
1370.00	0	1.54	16.82	10/1/2003
1370.00	0	3.06	16.61	10/1/2003
1370.00	0	4.58	16.72	10/1/2003
1370.00	0	6.11	16.57	10/1/2003
1370.00	0	7.63	16.57	10/1/2003
1370.00	0	9.16	16.69	10/1/2003
1371.00	0	0.16	17.93	10/2/2003
1371.00	0	1.53	16.98	10/2/2003
1371.00	0	3.06	16.61	10/2/2003
1371.00	0	4.58	16.72	10/2/2003
1371.00	0	6.11	16.73	10/2/2003
1371.00	0	7.63	16.73	10/2/2003
1371.00	0	9.15	16.69	10/2/2003
1372.00	0	0.26	17.61	10/3/2003
1372.00	0	1.63	16.82	10/3/2003
1372.00	0	3.15	16.76	10/3/2003
1372.00	0	4.68	16.88	10/3/2003
1372.00	0	6.2	16.73	10/3/2003
1372.00	0	7.72	16.73	10/3/2003
1372.00	0	9.25	16.85	10/3/2003
1373.00	0	0.27	17.13	10/4/2003
1373.00	0	1.64	16.82	10/4/2003
1373.00	0	3.17	16.76	10/4/2003
1373.00	0	4.69	16.72	10/4/2003
1373.00	0	6.22	16.57	10/4/2003
1373.00	0	7.74	16.57	10/4/2003
1373.00	0	9.26	16.85	10/4/2003
1374.00	0	0.14	17.93	10/5/2003
1374.00	0	1.51	17.14	10/5/2003
1374.00	0	3.04	16.92	10/5/2003
1374.00	0	4.56	16.88	10/5/2003
1374.00	0	6.08	16.73	10/5/2003
1374.00	0	7.61	16.73	10/5/2003
1374.00	0	9.13	16.85	10/5/2003
1375.00	0	0.15	18.09	10/6/2003
1375.00	0	1.52	16.98	10/6/2003
1375.00	0	3.04	16.92	10/6/2003
1375.00	0	4.57	16.88	10/6/2003
1375.00	0	6.09	16.88	10/6/2003
1375.00	0	7.62	16.88	10/6/2003
1375.00	0	9.14	16.85	10/6/2003
1376.00	0	0.16	18.57	10/7/2003
1376.00	0	1.53	16.98	10/7/2003
1376.00	0	3.05	16.76	10/7/2003
1376.00	0	4.58	16.72	10/7/2003
1376.00	0	6.1	16.73	10/7/2003
1376.00	0	7.62	16.73	10/7/2003
1376.00	0	9.15	16.85	10/7/2003
1377.00	0	0.16	18.73	10/8/2003
1377.00	0	1.53	17.14	10/8/2003
1377.00	0	3.06	16.92	10/8/2003
1377.00	0	4.58	16.88	10/8/2003
1377.00	0	6.11	16.73	10/8/2003
1377.00	0	7.63	16.73	10/8/2003
1377.00	0	9.15	16.85	10/8/2003
1378.00	0	0.15	17.93	10/9/2003
1378.00	0	1.52	17.62	10/9/2003
1378.00	0	3.05	16.92	10/9/2003
1378.00	0	4.57	17.04	10/9/2003
1378.00	0	6.1	17.04	10/9/2003
1378.00	0	7.62	17.04	10/9/2003
1378.00	0	9.14	17.17	10/9/2003
1379.00	0	0.15	17.61	10/10/2003
1379.00	0	1.52	17.46	10/10/2003
1379.00	0	3.05	17.08	10/10/2003
1379.00	0	4.57	17.36	10/10/2003
1379.00	0	6.09	17.36	10/10/2003
1379.00	0	7.62	17.36	10/10/2003
1379.00	0	9.14	17.49	10/10/2003
1380.00	0	0.25	17.29	10/11/2003
1380.00	0	1.62	17.14	10/11/2003
1380.00	0	3.14	16.92	10/11/2003
1380.00	0	4.66	17.04	10/11/2003
1380.00	0	6.19	17.21	10/11/2003
1380.00	0	7.71	17.21	10/11/2003
1380.00	0	9.24	17.17	10/11/2003
1381.00	0	0.15	17.44	10/12/2003
1381.00	0	1.52	17.46	10/12/2003
1381.00	0	3.04	17.24	10/12/2003
1381.00	0	4.57	17.04	10/12/2003
1381.00	0	6.09	17.21	10/12/2003
1381.00	0	7.62	17.21	10/12/2003
1381.00	0	9.14	17.33	10/12/2003
1382.00	0	0.17	17.29	10/13/2003
1382.00	0	1.54	17.3	10/13/2003
1382.00	0	3.07	17.24	10/13/2003
1382.00	0	4.59	17.2	10/13/2003
1382.00	0	6.12	17.21	10/13/2003
1382.00	0	7.64	17.21	10/13/2003
1382.00	0	9.16	17.33	10/13/2003
1383.00	0	0.18	17.61	10/14/2003
1383.00	0	1.55	17.46	10/14/2003
1383.00	0	3.08	17.24	10/14/2003
1383.00	0	4.6	17.36	10/14/2003
1383.00	0	6.13	17.21	10/14/2003
1383.00	0	7.65	17.21	10/14/2003
1383.00	0	9.17	17.49	10/14/2003
1384.00	0	0.18	17.61	10/15/2003
1384.00	0	1.55	17.46	10/15/2003
1384.00	0	3.08	17.24	10/15/2003
1384.00	0	4.6	17.52	10/15/2003
1384.00	0	6.12	17.36	10/15/2003
1384.00	0	7.65	17.36	10/15/2003
1384.00	0	9.17	17.49	10/15/2003
1385.00	0	0.24	17.44	10/16/2003
1385.00	0	1.61	17.3	10/16/2003
1385.00	0	3.13	17.24	10/16/2003
1385.00	0	4.65	17.2	10/16/2003
1385.00	0	6.18	17.21	10/16/2003
1385.00	0	7.7	17.21	10/16/2003
1385.00	0	9.23	17.33	10/16/2003
1386.00	0	0.17	17.61	10/17/2003
1386.00	0	1.54	17.46	10/17/2003
1386.00	0	3.06	17.24	10/17/2003
1386.00	0	4.59	17.36	10/17/2003
1386.00	0	6.11	17.21	10/17/2003
1386.00	0	7.64	17.21	10/17/2003
1386.00	0	9.16	17.33	10/17/2003
1387.00	0	0.17	17.44	10/18/2003
1387.00	0	1.54	17.3	10/18/2003
1387.00	0	3.06	17.08	10/18/2003
1387.00	0	4.59	17.52	10/18/2003
1387.00	0	6.11	17.36	10/18/2003
1387.00	0	7.63	17.36	10/18/2003
1387.00	0	9.16	17.49	10/18/2003
1388.00	0	0.15	17.77	10/19/2003
1388.00	0	1.52	17.62	10/19/2003
1388.00	0	3.05	17.24	10/19/2003
1388.00	0	4.57	17.36	10/19/2003
1388.00	0	6.1	17.36	10/19/2003
1388.00	0	7.62	17.36	10/19/2003
1388.00	0	9.14	17.49	10/19/2003
1389.00	0	0.21	17.61	10/20/2003
1389.00	0	1.58	17.3	10/20/2003
1389.00	0	3.11	17.24	10/20/2003
1389.00	0	4.63	17.52	10/20/2003
1389.00	0	6.15	17.52	10/20/2003
1389.00	0	7.68	17.52	10/20/2003
1389.00	0	9.2	17.64	10/20/2003
1390.00	0	0.14	17.93	10/21/2003
1390.00	0	1.51	17.78	10/21/2003
1390.00	0	3.03	17.4	10/21/2003
1390.00	0	4.56	17.36	10/21/2003
1390.00	0	6.08	17.52	10/21/2003
1390.00	0	7.6	17.52	10/21/2003
1390.00	0	9.13	17.64	10/21/2003
1391.00	0	0.16	17.77	10/22/2003
1391.00	0	1.53	17.46	10/22/2003
1391.00	0	3.06	17.24	10/22/2003
1391.00	0	4.58	17.52	10/22/2003
1391.00	0	6.11	17.52	10/22/2003
1391.00	0	7.63	17.52	10/22/2003
1391.00	0	9.15	17.64	10/22/2003
1392.00	0	0.15	17.61	10/23/2003
1392.00	0	1.53	17.3	10/23/2003
1392.00	0	3.05	17.24	10/23/2003
1392.00	0	4.57	17.52	10/23/2003
1392.00	0	6.1	17.52	10/23/2003
1392.00	0	7.62	17.52	10/23/2003
1392.00	0	9.15	17.49	10/23/2003
1393.00	0	0.18	17.61	10/24/2003
1393.00	0	1.55	17.46	10/24/2003
1393.00	0	3.07	17.4	10/24/2003
1393.00	0	4.6	17.52	10/24/2003
1393.00	0	6.12	17.36	10/24/2003
1393.00	0	7.64	17.36	10/24/2003
1393.00	0	9.17	17.49	10/24/2003
1394.00	0	0.16	17.61	10/25/2003
1394.00	0	1.53	17.46	10/25/2003
1394.00	0	3.05	17.24	10/25/2003
1394.00	0	4.58	17.52	10/25/2003
1394.00	0	6.1	17.52	10/25/2003
1394.00	0	7.63	17.52	10/25/2003
1394.00	0	9.15	17.64	10/25/2003
1395.00	0	0.15	17.77	10/26/2003
1395.00	0	1.52	17.62	10/26/2003
1395.00	0	3.05	17.24	10/26/2003
1395.00	0	4.57	17.52	10/26/2003
1395.00	0	6.09	17.36	10/26/2003
1395.00	0	7.62	17.36	10/26/2003
1395.00	0	9.14	17.49	10/26/2003
1396.00	0	0.16	17.61	10/27/2003
1396.00	0	1.53	17.3	10/27/2003
1396.00	0	3.05	17.24	10/27/2003
1396.00	0	4.58	17.52	10/27/2003
1396.00	0	6.1	17.36	10/27/2003
1396.00	0	7.62	17.36	10/27/2003
1396.00	0	9.15	17.49	10/27/2003
1397.00	0	0.15	17.77	10/28/2003
1397.00	0	1.52	17.46	10/28/2003
1397.00	0	3.05	17.24	10/28/2003
1397.00	0	4.57	17.52	10/28/2003
1397.00	0	6.1	17.68	10/28/2003
1397.00	0	7.62	17.68	10/28/2003
1397.00	0	9.14	17.64	10/28/2003
1398.00	0	0.15	17.77	10/29/2003
1398.00	0	1.52	17.62	10/29/2003
1398.00	0	3.04	17.4	10/29/2003
1398.00	0	4.57	17.52	10/29/2003
1398.00	0	6.09	17.52	10/29/2003
1398.00	0	7.62	17.52	10/29/2003
1398.00	0	9.14	17.64	10/29/2003
1399.00	0	0.15	17.44	10/30/2003
1399.00	0	1.52	17.3	10/30/2003
1399.00	0	3.05	17.24	10/30/2003
1399.00	0	4.57	17.36	10/30/2003
1399.00	0	6.1	17.21	10/30/2003
1399.00	0	7.62	17.21	10/30/2003
1399.00	0	9.14	17.33	10/30/2003
1400.00	0	0.16	16.81	10/31/2003
1400.00	0	1.53	16.82	10/31/2003
1400.00	0	3.05	16.76	10/31/2003
1400.00	0	4.58	16.72	10/31/2003
1400.00	0	6.1	16.73	10/31/2003
1400.00	0	7.62	16.73	10/31/2003
1400.00	0	9.15	16.85	10/31/2003
1401.00	0	0.15	16.34	11/1/2003
1401.00	0	1.53	16.35	11/1/2003
1401.00	0	3.05	16.29	11/1/2003
1401.00	0	4.57	16.25	11/1/2003
1401.00	0	6.1	16.1	11/1/2003
1401.00	0	7.62	16.1	11/1/2003
1401.00	0	9.15	16.22	11/1/2003
1402.00	0	0.15	16.34	11/2/2003
1402.00	0	1.53	16.19	11/2/2003
1402.00	0	3.05	16.29	11/2/2003
1402.00	0	4.57	16.25	11/2/2003
1402.00	0	6.1	16.1	11/2/2003
1402.00	0	7.62	16.1	11/2/2003
1402.00	0	9.15	16.22	11/2/2003
1403.00	0	0.16	16.18	11/3/2003
1403.00	0	1.53	16.19	11/3/2003
1403.00	0	3.05	15.97	11/3/2003
1403.00	0	4.57	16.09	11/3/2003
1403.00	0	6.1	15.94	11/3/2003
1403.00	0	7.62	15.94	11/3/2003
1403.00	0	9.15	16.06	11/3/2003
1404.00	0	0.16	16.02	11/4/2003
1404.00	0	1.53	16.03	11/4/2003
1404.00	0	3.05	15.97	11/4/2003
1404.00	0	4.58	15.78	11/4/2003
1404.00	0	6.1	15.78	11/4/2003
1404.00	0	7.62	15.78	11/4/2003
1404.00	0	9.15	15.9	11/4/2003
1405.00	0	0.15	16.02	11/5/2003
1405.00	0	1.52	15.88	11/5/2003
1405.00	0	3.05	15.81	11/5/2003
1405.00	0	4.57	15.93	11/5/2003
1405.00	0	6.1	15.78	11/5/2003
1405.00	0	7.62	15.78	11/5/2003
1405.00	0	9.14	15.9	11/5/2003
1406.00	0	0.15	15.39	11/6/2003
1406.00	0	1.52	14.61	11/6/2003
1406.00	0	3.04	14.7	11/6/2003
1406.00	0	4.57	14.67	11/6/2003
1406.00	0	6.09	14.68	11/6/2003
1406.00	0	7.62	14.68	11/6/2003
1406.00	0	9.14	14.79	11/6/2003
1407.00	0	0.15	14.91	11/7/2003
1407.00	0	1.52	14.46	11/7/2003
1407.00	0	3.05	14.54	11/7/2003
1407.00	0	4.57	14.51	11/7/2003
1407.00	0	6.09	14.37	11/7/2003
1407.00	0	7.62	14.37	11/7/2003
1407.00	0	9.14	14.48	11/7/2003
1408.00	0	0.15	14.91	11/8/2003
1408.00	0	1.52	14.93	11/8/2003
1408.00	0	3.05	14.86	11/8/2003
1408.00	0	4.57	14.83	11/8/2003
1408.00	0	6.09	14.84	11/8/2003
1408.00	0	7.62	14.84	11/8/2003
1408.00	0	9.14	14.95	11/8/2003
1409.00	0	0.15	14.91	11/9/2003
1409.00	0	1.53	14.77	11/9/2003
1409.00	0	3.05	14.7	11/9/2003
1409.00	0	4.57	14.83	11/9/2003
1409.00	0	6.1	14.84	11/9/2003
1409.00	0	7.62	14.84	11/9/2003
1409.00	0	9.15	14.79	11/9/2003
1410.00	0	0.15	14.44	11/10/2003
1410.00	0	1.52	14.3	11/10/2003
1410.00	0	3.04	14.23	11/10/2003
1410.00	0	4.57	14.2	11/10/2003
1410.00	0	6.09	14.21	11/10/2003
1410.00	0	7.62	14.21	11/10/2003
1410.00	0	9.14	14.32	11/10/2003
1411.00	0	0.15	14.28	11/11/2003
1411.00	0	1.52	14.3	11/11/2003
1411.00	0	3.04	14.23	11/11/2003
1411.00	0	4.57	14.2	11/11/2003
1411.00	0	6.09	14.06	11/11/2003
1411.00	0	7.62	14.06	11/11/2003
1411.00	0	9.14	14.17	11/11/2003
1412.00	0	0.16	14.44	11/12/2003
1412.00	0	1.53	14.3	11/12/2003
1412.00	0	3.05	14.23	11/12/2003
1412.00	0	4.58	14.36	11/12/2003
1412.00	0	6.1	14.21	11/12/2003
1412.00	0	7.62	14.21	11/12/2003
1412.00	0	9.15	14.32	11/12/2003
